-0.599999999999999980000000000000
-0.599999999999999980000000000000
-0.599999999999999980000000000000
-0.043451249121811149000000000000
-0.599999999999999980000000000000
-0.599999999999999980000000000000
-0.599999999999999980000000000000
-0.102605948856270720000000000000
-0.599999999999999980000000000000
-0.599999999999999980000000000000
-0.599999999999999980000000000000
-0.129115683719762840000000000000
-0.599999999999999980000000000000
-0.069906409393724708000000000000
-0.599999999999999980000000000000
-0.021580373324001943000000000000
-0.599999999999999980000000000000
-0.599999999999999980000000000000
-0.149313276669975960000000000000
-0.599999999999999980000000000000
-0.599999999999999980000000000000
-0.599999999999999980000000000000
-0.510380505212395750000000000000
-0.599999999999999980000000000000
-0.599999999999999980000000000000
-0.599999999999999980000000000000
-0.061784232895306768000000000000
-0.599999999999999980000000000000
-0.599999999999999980000000000000
-0.599999999999999980000000000000
-0.599999999999999980000000000000
-0.599999999999999980000000000000
-0.599999999999999980000000000000
-0.070195958886180687000000000000
-0.030839622269067446000000000000
-0.599999999999999980000000000000
-0.599999999999999980000000000000
-0.599999999999999980000000000000
-0.494575893119913180000000000000
-0.599999999999999980000000000000
-0.599999999999999980000000000000
-0.599999999999999980000000000000
-0.599999999999999980000000000000
-0.599999999999999980000000000000
-0.599999999999999980000000000000
-0.599999999999999980000000000000
-0.599999999999999980000000000000
-0.599999999999999980000000000000
-0.011613313665353227000000000000
-0.599999999999999980000000000000
-0.531367118707557370000000000000
-0.554243270039571300000000000000
-0.599999999999999980000000000000
-0.599999999999999980000000000000
-0.599999999999999980000000000000
-0.599999999999999980000000000000
-0.599999999999999980000000000000
-0.599999999999999980000000000000
-0.189367912680614650000000000000
-0.599999999999999980000000000000
-0.599999999999999980000000000000
-0.599999999999999980000000000000
-0.599999999999999980000000000000
-0.599999999999999980000000000000
-0.599999999999999980000000000000
-0.599999999999999980000000000000
-0.531118763094508450000000000000
-0.599999999999999980000000000000
-0.599999999999999980000000000000
-0.284702327453307420000000000000
-0.599999999999999980000000000000
-0.462550207308718600000000000000
-0.599999999999999980000000000000
-0.599999999999999980000000000000
-0.599999999999999980000000000000
-0.599999999999999980000000000000
-0.599999999999999980000000000000
3.000000000000000000000000000000
3.000000000000000000000000000000
2.308198221150840300000000000000
3.000000000000000000000000000000
3.000000000000000000000000000000
3.000000000000000000000000000000
3.000000000000000000000000000000
3.000000000000000000000000000000
0.871648961720469790000000000000
3.000000000000000000000000000000
3.000000000000000000000000000000
0.019173748198972440000000000000
0.018760631848305034000000000000
0.149127460032925370000000000000
0.005113339677040890100000000000
0.166588106765058280000000000000
0.027022876417573144000000000000
0.004845833062780136000000000000
0.019317328762079079000000000000
0.122517985713004790000000000000
0.082377871784910989000000000000
0.002055725462432378400000000000
0.036819534543537862000000000000
0.077391808757305794000000000000
0.093612081921757878000000000000
0.002166342684564281900000000000
0.002078446457691784900000000000
0.032064079722869343000000000000
0.023970551661750772000000000000
0.023650623587239308000000000000
0.055275822530437516000000000000
0.160526749445160820000000000000
0.009812972137314145800000000000
0.006827291292122721100000000000
0.039920987662453437000000000000
0.001838060951117326300000000000
0.008886028014591944600000000000
0.051204327815998513000000000000
0.004783164130503725400000000000
0.068276821611556127000000000000
0.031773156405326713000000000000
0.017035644460701545000000000000
0.086808051172984679000000000000
0.230295433965571340000000000000
0.021309974559402707000000000000
0.143044384955683030000000000000
0.105787392210957040000000000000
0.089029630854866385000000000000
0.010306752454157688000000000000
0.092173964401428055000000000000
0.162078987015035430000000000000
0.059333821373089166000000000000
0.022379542570806765000000000000
0.073369041064977145000000000000
0.218656172000579350000000000000
0.050004569147051432000000000000
0.378414472163715710000000000000
0.154458696792426690000000000000
0.153423463891892380000000000000
0.109949457830173740000000000000
0.147394021146986800000000000000
0.170285424179077110000000000000
0.069208863782089333000000000000
0.006477772396955839400000000000
0.075211477316142930000000000000
0.029971470664417632000000000000
0.439058858237615370000000000000
0.116518936326658360000000000000
0.026729739307412931000000000000
0.145204503262364670000000000000
0.469255913466755330000000000000
0.085885720606701188000000000000
0.034242572035958201000000000000
0.116820435879543870000000000000
0.010814056678670525000000000000
0.022561077801392118000000000000
0.093922035549721727000000000000
0.139099762689024270000000000000
0.047337105383318631000000000000
0.083038066163457991000000000000
0.031909548132480953000000000000
0.008567236318541948700000000000
0.007301700159209362200000000000
2.404520794421653100000000000000
0.911071841141646190000000000000
0.005226369629316597800000000000
0.006480756891914518600000000000
0.009099735998695391400000000000
0.085177907923819129000000000000
0.038898998890455533000000000000
0.004651857882504049600000000000
0.027617021319529755000000000000
0.033783346403853470000000000000
0.039880743614988674000000000000
