-0.776565260405769900000000000000	-0.116220227191524190000000000000	-1.169104485347581800000000000000	-0.401849146955927490000000000000
-0.776565260405769900000000000000	-0.116220227191524190000000000000	-1.918540632330292000000000000000	-0.055696243501057757000000000000
-0.776565260405769900000000000000	-0.116220227191524190000000000000	1.528793824322328500000000000000	0.567378982717707700000000000000
1.374850168334833800000000000000	8.703933439688833900000000000000	-0.324507543467689840000000000000	5.690441953849780400000000000000
-0.776565260405769900000000000000	-0.116220227191524190000000000000	-1.692668405951698500000000000000	0.221226079262838020000000000000
-0.776565260405769900000000000000	-0.116220227191524190000000000000	0.330845100635543120000000000000	0.151995498571864090000000000000
-0.776565260405769900000000000000	-0.116220227191524190000000000000	0.740575164702276020000000000000	0.290456659953811980000000000000
-0.776565260405769900000000000000	-0.116220227191524190000000000000	-0.510160867852002650000000000000	0.844301305481603540000000000000
-0.776565260405769900000000000000	-0.116220227191524190000000000000	1.150305228769009600000000000000	0.082764917880890132000000000000
0.983683726745633090000000000000	7.443911487277353500000000000000	2.873613359756085100000000000000	-0.124926824192031700000000000000
-0.776565260405769900000000000000	-0.116220227191524190000000000000	1.718038122098987800000000000000	-0.263387985573979580000000000000
0.788100505951032760000000000000	1.143801725219955500000000000000	0.310017454959933440000000000000	0.013534337189916187000000000000
-0.776565260405769900000000000000	-0.116220227191524190000000000000	1.371509189737552400000000000000	-0.124926824192031700000000000000
0.396934064361832040000000000000	2.403823677631435500000000000000	-0.272438429278666020000000000000	3.267371629665691400000000000000
-0.776565260405769900000000000000	-0.116220227191524190000000000000	0.813112827227674860000000000000	0.082764917880890132000000000000
-0.776565260405769900000000000000	-0.116220227191524190000000000000	-0.324507543467689840000000000000	4.928905566249066600000000000000
-0.776565260405769900000000000000	-0.116220227191524190000000000000	0.316481207066157180000000000000	0.151995498571864090000000000000
-0.580982039611169570000000000000	1.143801725219955500000000000000	-0.324507543467689840000000000000	0.498148402026733830000000000000
-0.776565260405769900000000000000	-0.116220227191524190000000000000	-1.545797594204727500000000000000	0.221226079262838020000000000000
-0.776565260405769900000000000000	-0.116220227191524190000000000000	-1.250978678693081700000000000000	-0.055696243501057757000000000000
-0.776565260405769900000000000000	-0.116220227191524190000000000000	-1.433759224363517300000000000000	-0.194157404883005650000000000000
-0.776565260405769900000000000000	-0.116220227191524190000000000000	1.111881813470901600000000000000	-0.055696243501057757000000000000
-0.776565260405769900000000000000	-0.116220227191524190000000000000	-0.324507543467689840000000000000	5.690441953849780400000000000000
-0.776565260405769900000000000000	-0.116220227191524190000000000000	-0.938204896219703380000000000000	-0.401849146955927490000000000000
-0.776565260405769900000000000000	-0.116220227191524190000000000000	-0.466350992465375700000000000000	1.190454208936473400000000000000
-0.776565260405769900000000000000	-0.116220227191524190000000000000	0.188642554298622230000000000000	0.151995498571864090000000000000
-0.776565260405769900000000000000	-0.116220227191524190000000000000	-0.922045515954143970000000000000	-0.401849146955927490000000000000
0.005767622772631389400000000000	2.403823677631435500000000000000	-0.489333222176393410000000000000	-0.055696243501057757000000000000
-0.580982039611169570000000000000	1.143801725219955500000000000000	-0.065957459218743048000000000000	-0.194157404883005650000000000000
-0.776565260405769900000000000000	-0.116220227191524190000000000000	0.459761045420781110000000000000	0.359687240644785910000000000000
-0.776565260405769900000000000000	-0.116220227191524190000000000000	1.362531756256686300000000000000	0.013534337189916187000000000000
-0.776565260405769900000000000000	-0.116220227191524190000000000000	0.634641449628054580000000000000	0.082764917880890132000000000000
-0.776565260405769900000000000000	-0.116220227191524190000000000000	0.090608980687562971000000000000	0.221226079262838020000000000000
0.788100505951032760000000000000	6.183889534865874000000000000000	0.343772604847989830000000000000	-0.471079727646901420000000000000
0.983683726745633090000000000000	7.443911487277353500000000000000	-2.156622168242863700000000000000	-0.124926824192031700000000000000
-0.776565260405769900000000000000	-0.116220227191524190000000000000	1.303280695282969600000000000000	-0.194157404883005650000000000000
-0.776565260405769900000000000000	-0.116220227191524190000000000000	2.014652524306807200000000000000	0.151995498571864090000000000000
-0.776565260405769900000000000000	-0.116220227191524190000000000000	0.447192638547569020000000000000	0.290456659953811980000000000000
-0.776565260405769900000000000000	-0.116220227191524190000000000000	1.157487175553702600000000000000	-0.194157404883005650000000000000
-0.580982039611169570000000000000	1.143801725219955500000000000000	2.561557771961176400000000000000	-0.401849146955927490000000000000
-0.776565260405769900000000000000	-0.116220227191524190000000000000	-0.324507543467689840000000000000	5.690441953849780400000000000000
-0.776565260405769900000000000000	-0.116220227191524190000000000000	1.399877879537089600000000000000	0.013534337189916187000000000000
-0.776565260405769900000000000000	-0.116220227191524190000000000000	1.393055030091631300000000000000	-0.194157404883005650000000000000
-0.776565260405769900000000000000	-0.116220227191524190000000000000	-1.434477419041986900000000000000	-0.124926824192031700000000000000
0.201350843567231710000000000000	3.663845630042915000000000000000	-0.662059042348258850000000000000	-0.540310308337875410000000000000
-0.776565260405769900000000000000	-0.116220227191524190000000000000	-1.495883064051111600000000000000	0.013534337189916187000000000000
-0.580982039611169570000000000000	1.143801725219955500000000000000	1.403109755590201900000000000000	0.013534337189916187000000000000
-0.580982039611169570000000000000	1.143801725219955500000000000000	0.271234942322590930000000000000	-0.263387985573979580000000000000
1.179266947540233300000000000000	7.443911487277353500000000000000	9.598429231603338600000000000000	-0.194157404883005650000000000000
-0.776565260405769900000000000000	-0.116220227191524190000000000000	-1.148276839671972500000000000000	-0.401849146955927490000000000000
-0.776565260405769900000000000000	-0.116220227191524190000000000000	-0.027534043920635964000000000000	0.221226079262838020000000000000
-0.776565260405769900000000000000	-0.116220227191524190000000000000	-1.252055970710785400000000000000	0.013534337189916187000000000000
-0.776565260405769900000000000000	-0.116220227191524190000000000000	-0.324507543467689840000000000000	5.690441953849780400000000000000
-0.776565260405769900000000000000	-0.116220227191524190000000000000	0.115027599755519530000000000000	0.151995498571864090000000000000
-0.776565260405769900000000000000	-0.116220227191524190000000000000	-1.643472070476551700000000000000	0.151995498571864090000000000000
-0.776565260405769900000000000000	-0.116220227191524190000000000000	0.120414059844038650000000000000	1.121223628245499300000000000000
-0.580982039611169570000000000000	1.143801725219955500000000000000	0.034589795766958469000000000000	-0.055696243501057757000000000000
-0.776565260405769900000000000000	-0.116220227191524190000000000000	-1.558725098417175000000000000000	0.082764917880890132000000000000
-0.776565260405769900000000000000	-0.116220227191524190000000000000	-0.324507543467689840000000000000	3.959677436575431000000000000000
-0.776565260405769900000000000000	-0.116220227191524190000000000000	1.892918526306261100000000000000	-0.194157404883005650000000000000
-0.580982039611169570000000000000	1.143801725219955500000000000000	0.520807593090671710000000000000	-0.540310308337875410000000000000
-0.580982039611169570000000000000	1.143801725219955500000000000000	0.922637515694242350000000000000	-0.332618566264953510000000000000
-0.776565260405769900000000000000	-0.116220227191524190000000000000	-1.309511544988329200000000000000	-0.332618566264953510000000000000
-0.776565260405769900000000000000	-0.116220227191524190000000000000	-0.918095445222562920000000000000	-0.471079727646901420000000000000
-0.776565260405769900000000000000	-0.116220227191524190000000000000	-0.324507543467689840000000000000	5.690441953849780400000000000000
-0.776565260405769900000000000000	-0.116220227191524190000000000000	1.957196950029263200000000000000	-0.332618566264953510000000000000
-0.776565260405769900000000000000	-0.116220227191524190000000000000	1.653400601036751000000000000000	-0.332618566264953510000000000000
-0.776565260405769900000000000000	-0.116220227191524190000000000000	-1.287606607295015600000000000000	-0.194157404883005650000000000000
-0.776565260405769900000000000000	-0.116220227191524190000000000000	-0.931741144113479640000000000000	-0.540310308337875410000000000000
-0.776565260405769900000000000000	-0.116220227191524190000000000000	0.888882365806185960000000000000	-0.124926824192031700000000000000
-0.776565260405769900000000000000	-0.116220227191524190000000000000	1.301485208586796500000000000000	-0.124926824192031700000000000000
-0.776565260405769900000000000000	-0.116220227191524190000000000000	0.409487417927930310000000000000	0.013534337189916187000000000000
-0.776565260405769900000000000000	-0.116220227191524190000000000000	-0.324507543467689840000000000000	5.690441953849780400000000000000
-0.776565260405769900000000000000	-0.116220227191524190000000000000	0.646850759162032830000000000000	0.013534337189916187000000000000
0.005767622772631389400000000000	3.663845630042915000000000000000	-0.232937721962854310000000000000	-0.401849146955927490000000000000
-0.776565260405769900000000000000	-0.116220227191524190000000000000	0.603399981114640440000000000000	0.013534337189916187000000000000
-0.776565260405769900000000000000	-0.116220227191524190000000000000	-1.200705051200230900000000000000	-0.471079727646901420000000000000
-0.776565260405769900000000000000	-0.116220227191524190000000000000	-2.631707948050303200000000000000	-0.194157404883005650000000000000
-0.776565260405769900000000000000	-0.116220227191524190000000000000	0.001552840557370508200000000000	-0.055696243501057757000000000000
0.396934064361832040000000000000	3.663845630042915000000000000000	0.923355710372711580000000000000	-0.055696243501057757000000000000
-0.776565260405769900000000000000	-0.116220227191524190000000000000	2.303007687712229400000000000000	-0.194157404883005650000000000000
-0.776565260405769900000000000000	-0.116220227191524190000000000000	-0.324507543467689840000000000000	5.690441953849780400000000000000
-0.776565260405769900000000000000	-0.116220227191524190000000000000	0.580776848742857730000000000000	0.082764917880890132000000000000
-0.776565260405769900000000000000	-0.116220227191524190000000000000	1.682128388175522900000000000000	0.151995498571864090000000000000
-0.776565260405769900000000000000	-0.116220227191524190000000000000	-0.335280463644729240000000000000	-0.055696243501057757000000000000
0.396934064361832040000000000000	2.403823677631435500000000000000	-0.324507543467689840000000000000	0.913531886172577520000000000000
-0.776565260405769900000000000000	-0.116220227191524190000000000000	-0.324507543467689840000000000000	0.844301305481603540000000000000
-0.776565260405769900000000000000	-0.116220227191524190000000000000	-0.324507543467689840000000000000	-0.055696243501057757000000000000
-0.972148481200370230000000000000	-0.116220227191524190000000000000	0.102100095543072030000000000000	-0.055696243501057757000000000000
2.939515934691636600000000000000	18.784109058980672000000000000000	2.391704730503187100000000000000	-1.024924373174692900000000000000
-0.972148481200370230000000000000	-0.116220227191524190000000000000	0.138009829466536870000000000000	-0.124926824192031700000000000000
-0.972148481200370230000000000000	-0.116220227191524190000000000000	0.145550873590464420000000000000	-0.194157404883005650000000000000
-0.972148481200370230000000000000	-0.116220227191524190000000000000	0.076963281796646257000000000000	-0.124926824192031700000000000000
-0.972148481200370230000000000000	-0.116220227191524190000000000000	-0.042257034829256503000000000000	0.082764917880890132000000000000
-0.972148481200370230000000000000	-0.116220227191524190000000000000	0.673783059604631580000000000000	-0.609540889028849290000000000000
-0.972148481200370230000000000000	-0.116220227191524190000000000000	0.396919011054718220000000000000	-0.401849146955927490000000000000
-0.972148481200370230000000000000	-0.116220227191524190000000000000	-0.023943070528289083000000000000	0.013534337189916187000000000000
-0.972148481200370230000000000000	-0.116220227191524190000000000000	-0.117667476068532240000000000000	0.013534337189916187000000000000
-0.972148481200370230000000000000	-0.116220227191524190000000000000	0.531580513267710720000000000000	-0.540310308337875410000000000000
-0.972148481200370230000000000000	-0.116220227191524190000000000000	0.151655528357453580000000000000	-0.194157404883005650000000000000
-0.972148481200370230000000000000	-0.116220227191524190000000000000	-0.066675653897212264000000000000	0.082764917880890132000000000000
-0.972148481200370230000000000000	-0.116220227191524190000000000000	0.157401085785208120000000000000	-0.124926824192031700000000000000
-0.972148481200370230000000000000	-0.116220227191524190000000000000	0.399073595090125910000000000000	-0.401849146955927490000000000000
-0.972148481200370230000000000000	-0.116220227191524190000000000000	0.383273312163801510000000000000	-0.401849146955927490000000000000
-0.972148481200370230000000000000	-0.116220227191524190000000000000	-0.042616132168491111000000000000	-0.055696243501057757000000000000
-0.972148481200370230000000000000	-0.116220227191524190000000000000	-0.024302167867524489000000000000	-0.055696243501057757000000000000
-0.972148481200370230000000000000	-0.116220227191524190000000000000	0.441447081119814460000000000000	-0.471079727646901420000000000000
-0.972148481200370230000000000000	-0.116220227191524190000000000000	0.175355952746940130000000000000	-0.124926824192031700000000000000
-0.972148481200370230000000000000	-0.116220227191524190000000000000	-0.096839830392923362000000000000	0.082764917880890132000000000000
2.743932713897036200000000000000	16.264065154157713000000000000000	16.100604753125108000000000000000	-0.194157404883005650000000000000
-0.972148481200370230000000000000	-0.116220227191524190000000000000	0.223115898865148630000000000000	-0.194157404883005650000000000000
-0.972148481200370230000000000000	-0.116220227191524190000000000000	-0.003833619531149415200000000000	0.013534337189916187000000000000
-0.972148481200370230000000000000	-0.116220227191524190000000000000	0.231016040328310800000000000000	-0.194157404883005650000000000000
-0.776565260405769900000000000000	1.143801725219955500000000000000	0.802699004389870410000000000000	-0.540310308337875410000000000000
-0.972148481200370230000000000000	-0.116220227191524190000000000000	-0.109767334605370070000000000000	0.013534337189916187000000000000
-0.972148481200370230000000000000	-0.116220227191524190000000000000	0.149500944322045140000000000000	-0.194157404883005650000000000000
-0.972148481200370230000000000000	-0.116220227191524190000000000000	0.062958485566495720000000000000	-0.124926824192031700000000000000
-0.972148481200370230000000000000	-0.116220227191524190000000000000	0.285598835891976880000000000000	-0.332618566264953510000000000000
-0.972148481200370230000000000000	-0.116220227191524190000000000000	0.531939610606945390000000000000	-0.471079727646901420000000000000
-0.972148481200370230000000000000	-0.116220227191524190000000000000	-0.102585387820677100000000000000	0.082764917880890132000000000000
-0.972148481200370230000000000000	-0.116220227191524190000000000000	0.092404467383736810000000000000	-0.055696243501057757000000000000
-0.972148481200370230000000000000	-0.116220227191524190000000000000	0.218088536115863320000000000000	-0.194157404883005650000000000000
-0.972148481200370230000000000000	-0.116220227191524190000000000000	0.296371756069016720000000000000	-0.263387985573979580000000000000
-0.972148481200370230000000000000	-0.116220227191524190000000000000	-0.032202309330686671000000000000	0.082764917880890132000000000000
-0.972148481200370230000000000000	-0.116220227191524190000000000000	0.363882055845130280000000000000	-0.401849146955927490000000000000
-0.972148481200370230000000000000	-0.116220227191524190000000000000	0.221679509508209390000000000000	-0.194157404883005650000000000000
-0.972148481200370230000000000000	-0.116220227191524190000000000000	-0.006706398245026282800000000000	-0.055696243501057757000000000000
-0.972148481200370230000000000000	-0.116220227191524190000000000000	0.326176835225492400000000000000	-0.332618566264953510000000000000
-0.972148481200370230000000000000	-0.116220227191524190000000000000	0.196901793101019020000000000000	-0.194157404883005650000000000000
-0.972148481200370230000000000000	-0.116220227191524190000000000000	-0.053389052345530957000000000000	-0.055696243501057757000000000000
-0.972148481200370230000000000000	-0.116220227191524190000000000000	0.164942129909135680000000000000	-0.124926824192031700000000000000
-0.972148481200370230000000000000	-0.116220227191524190000000000000	0.245739031236931330000000000000	-0.263387985573979580000000000000
-0.972148481200370230000000000000	-0.116220227191524190000000000000	0.073013211065065559000000000000	-0.124926824192031700000000000000
-0.972148481200370230000000000000	-0.116220227191524190000000000000	0.134418856074189990000000000000	-0.124926824192031700000000000000
-0.972148481200370230000000000000	-0.116220227191524190000000000000	0.019507707519103322000000000000	0.013534337189916187000000000000
-0.972148481200370230000000000000	-0.116220227191524190000000000000	-0.037229672079971188000000000000	0.013534337189916187000000000000
-0.972148481200370230000000000000	-0.116220227191524190000000000000	-0.090735175625934222000000000000	0.013534337189916187000000000000
-0.972148481200370230000000000000	-0.116220227191524190000000000000	-0.049438981613949468000000000000	0.013534337189916187000000000000
-0.972148481200370230000000000000	-0.116220227191524190000000000000	0.705024528118045720000000000000	-0.748002050410797150000000000000
-0.972148481200370230000000000000	-0.116220227191524190000000000000	0.166019421926839490000000000000	-0.194157404883005650000000000000
2.743932713897036200000000000000	18.784109058980672000000000000000	-0.324507543467689840000000000000	5.690441953849780400000000000000
-0.972148481200370230000000000000	-0.116220227191524190000000000000	0.231375137667545420000000000000	-0.194157404883005650000000000000
-0.972148481200370230000000000000	-0.116220227191524190000000000000	0.320790375136972510000000000000	-0.332618566264953510000000000000
-0.972148481200370230000000000000	-0.116220227191524190000000000000	0.049312786675579007000000000000	-0.055696243501057757000000000000
-0.972148481200370230000000000000	-0.116220227191524190000000000000	-0.069907529950324537000000000000	0.082764917880890132000000000000
-0.972148481200370230000000000000	-0.116220227191524190000000000000	0.321508569815441680000000000000	-0.332618566264953510000000000000
-0.972148481200370230000000000000	-0.116220227191524190000000000000	0.009812079359767298900000000000	-0.055696243501057757000000000000
-0.972148481200370230000000000000	-0.116220227191524190000000000000	0.043208131908589867000000000000	-0.055696243501057757000000000000
-0.972148481200370230000000000000	-0.116220227191524190000000000000	-0.011733760994311598000000000000	0.013534337189916187000000000000
-0.972148481200370230000000000000	-0.116220227191524190000000000000	-0.163272838151333090000000000000	0.082764917880890132000000000000
-0.972148481200370230000000000000	-0.116220227191524190000000000000	0.193669917047907540000000000000	-0.194157404883005650000000000000
-0.972148481200370230000000000000	-0.116220227191524190000000000000	0.075885989778942425000000000000	-0.124926824192031700000000000000
-0.972148481200370230000000000000	-0.116220227191524190000000000000	0.227784164275198540000000000000	-0.194157404883005650000000000000
-0.972148481200370230000000000000	-0.116220227191524190000000000000	-0.025738557224462923000000000000	0.013534337189916187000000000000
-0.972148481200370230000000000000	-0.116220227191524190000000000000	-0.129158590924041310000000000000	0.082764917880890132000000000000
-0.972148481200370230000000000000	-0.116220227191524190000000000000	0.214856660062751030000000000000	-0.194157404883005650000000000000
-0.972148481200370230000000000000	-0.116220227191524190000000000000	0.488847929898787560000000000000	-0.540310308337875410000000000000
-0.972148481200370230000000000000	-0.116220227191524190000000000000	0.200851863832600510000000000000	-0.194157404883005650000000000000
-0.972148481200370230000000000000	-0.116220227191524190000000000000	0.427801382228897740000000000000	-0.401849146955927490000000000000
-0.972148481200370230000000000000	-0.116220227191524190000000000000	0.463352018813127990000000000000	-0.471079727646901420000000000000
-0.385398818816569290000000000000	2.403823677631435500000000000000	0.793721570909003640000000000000	-0.194157404883005650000000000000
-0.385398818816569290000000000000	2.403823677631435500000000000000	-0.324507543467689840000000000000	-1.163385534556640800000000000000
-0.972148481200370230000000000000	-0.116220227191524190000000000000	6.260978560756519200000000000000	0.221226079262838020000000000000
-0.972148481200370230000000000000	-0.116220227191524190000000000000	0.156682891106738080000000000000	-0.194157404883005650000000000000
-0.385398818816569290000000000000	2.403823677631435500000000000000	3.138268098772020400000000000000	2.575065822755952200000000000000
-0.972148481200370230000000000000	-0.116220227191524190000000000000	0.270516747644121700000000000000	-0.332618566264953510000000000000
-0.972148481200370230000000000000	-0.116220227191524190000000000000	-0.184818678505412000000000000000	0.082764917880890132000000000000
-0.972148481200370230000000000000	-0.116220227191524190000000000000	3.847126246421216100000000000000	3.336602210356665500000000000000
-0.972148481200370230000000000000	-0.116220227191524190000000000000	-0.049438981613949468000000000000	-0.055696243501057757000000000000
-0.972148481200370230000000000000	-0.116220227191524190000000000000	0.135496148091894610000000000000	-0.194157404883005650000000000000
0.201350843567231710000000000000	4.923867582454394500000000000000	-0.324507543467689840000000000000	5.690441953849780400000000000000
