-0.001414616715232711200000000000
-0.116412501929309880000000000000
-0.510000000000000010000000000000
-0.008637527637667334600000000000
0.000001334973977219385800000000
0.000623649576271723580000000000
0.000297798848696707530000000000
0.000388882455370853880000000000
0.001001783309102040600000000000
0.124826262212799600000000000000
0.004197126567183392100000000000
0.014376019655337762000000000000
0.002110258026067826100000000000
0.451789487516080060000000000000
0.010372216527193980000000000000
0.026479826614128680000000000000
