32	1	0.9305	32.0000	4	1
10	3	0.9128	3.3333	55	1
26	1	1.0255	26.0000	5	1
22	1	0.9853	22.0000	7	1
28	1	0.9567	28.0000	5	1
23	1	1.1993	23.0000	4	1
118	1	1.4837	118.0000	13	1
25	1	1.1007	25.0000	15	1
23	1	1.0303	23.0000	10	1
16	1	0.9051	16.0000	14	1
26	1	1.1581	26.0000	14	1
24	1	1.0283	24.0000	3	1
18	1	1.0570	18.0000	16	1
24	1	1.1504	24.0000	4	1
20	1	1.0193	20.0000	14	1
25	1	0.9322	25.0000	14	1
18	1	1.5610	18.0000	14	1
16	1	1.0505	16.0000	14	1
19	1	1.0863	19.0000	14	1
26	1	1.0031	26.0000	14	1
23	1	1.1121	23.0000	14	1
26	1	1.0421	26.0000	5	1
26	1	1.0957	26.0000	13	1
24	1	0.9474	24.0000	15	1
19	1	0.9651	19.0000	10	1
26	1	1.0192	26.0000	5	1
17	1	0.9461	17.0000	14	1
28	1	0.8485	28.0000	14	1
28	1	0.9429	28.0000	5	1
21	2	1.0827	10.5000	15	1
21	1	1.0304	21.0000	14	1
15	1	1.0352	15.0000	5	1
18	1	1.0166	18.0000	14	1
252	1	9.0466	252.0000	0	1
19	1	0.9738	19.0000	4	1
27	1	0.9472	27.0000	14	1
20	1	1.1222	20.0000	7	1
25	1	0.8020	25.0000	14	1
15	1	1.1388	15.0000	7	1
15	1	0.9754	15.0000	4	1
25	1	0.9759	25.0000	15	1
22	1	0.8891	22.0000	18	1
23	1	1.1184	23.0000	14	1
23	1	0.9985	23.0000	5	1
29	1	0.8988	29.0000	6	1
31	1	0.7661	31.0000	6	1
31	1	1.3783	31.0000	18	1
32	1	0.9811	32.0000	14	1
18	1	0.9285	18.0000	14	1
11	1	1.2764	11.0000	14	1
26	1	1.0243	26.0000	15	1
15	1	0.9859	15.0000	4	1
26	1	1.0149	26.0000	14	1
23	1	0.9781	23.0000	11	1
21	1	0.9906	21.0000	14	1
35	1	0.6830	35.0000	10	1
30	1	0.8622	30.0000	10	1
22	1	0.8250	22.0000	6	1
7	1	1.4972	7.0000	30	1
20	1	0.7843	20.0000	11	1
13	1	0.9946	13.0000	15	1
24	1	1.1085	24.0000	14	1
19	1	1.0349	19.0000	15	1
13	1	0.9448	13.0000	5	1
25	1	0.8143	25.0000	20	1
18	1	1.2302	18.0000	3	1
26	1	1.1532	26.0000	14	1
20	1	0.9051	20.0000	14	1
24	1	0.9775	24.0000	10	1
31	1	1.0288	31.0000	15	1
22	1	1.0922	22.0000	14	1
19	1	0.9370	19.0000	6	1
26	1	0.9402	26.0000	4	1
23	1	0.8788	23.0000	14	1
25	1	1.2645	25.0000	5	1
31	1	0.8665	31.0000	3	1
30	2	0.9900	15.0000	14	1
30	1	1.0174	30.0000	4	1
20	1	1.0680	20.0000	5	1
22	1	0.9460	22.0000	15	1
30	1	0.9644	30.0000	15	1
29	1	0.9447	29.0000	6	1
29	1	0.8093	29.0000	14	1
25	1	0.8946	25.0000	14	1
22	1	0.9237	22.0000	16	1
16	1	0.9420	16.0000	3	1
23	1	1.7305	23.0000	5	1
22	1	1.0189	22.0000	14	1
28	1	1.0298	28.0000	8	1
20	1	0.8813	20.0000	15	1
22	1	1.1020	22.0000	11	1
21	1	0.9124	21.0000	14	1
37	1	1.1640	37.0000	14	1
35	3	1.1554	11.6667	14	1
29	1	1.0426	29.0000	14	1
20	1	0.9826	20.0000	4	1
27	1	1.0832	27.0000	5	1
18	1	0.9155	18.0000	6	1
31	1	1.2229	31.0000	3	1
22	1	0.9589	22.0000	16	1
22	2	1.0494	11.0000	5	1
29	1	0.8546	29.0000	16	1
24	1	0.9340	24.0000	15	1
19	1	0.8161	19.0000	17	1
23	1	0.6891	23.0000	14	1
24	1	0.8959	24.0000	5	1
23	1	1.1780	23.0000	4	1
18	1	1.0186	18.0000	15	1
24	1	0.7938	24.0000	16	1
21	1	1.0462	21.0000	5	1
17	1	1.0829	17.0000	9	1
17	1	1.0428	17.0000	14	1
27	1	1.1036	27.0000	14	1
27	1	0.9157	27.0000	14	1
34	1	0.9473	34.0000	14	1
20	1	1.0463	20.0000	15	1
23	1	0.8728	23.0000	14	1
22	1	1.0274	22.0000	5	1
35	1	1.1341	35.0000	14	1
26	1	1.1830	26.0000	5	1
16	1	2.1570	16.0000	2	1
23	1	1.0574	23.0000	4	1
22	1	1.0682	22.0000	15	1
25	1	1.2048	25.0000	4	1
21	1	0.9429	21.0000	14	1
19	1	0.9004	19.0000	6	1
23	1	0.9449	23.0000	14	1
19	1	1.0872	19.0000	4	1
22	1	0.9369	22.0000	5	1
22	1	1.1040	22.0000	15	1
18	1	0.9019	18.0000	16	1
36	1	1.1289	36.0000	5	1
21	1	1.0103	21.0000	4	1
20	1	0.8526	20.0000	14	1
15	1	1.0866	15.0000	15	1
22	1	1.0035	22.0000	14	1
24	1	1.2213	24.0000	6	1
20	1	1.0202	20.0000	14	1
27	1	1.0405	27.0000	14	1
24	1	1.1528	24.0000	6	1
26	1	1.0405	26.0000	4	1
19	1	0.9409	19.0000	4	1
30	1	1.2057	30.0000	3	1
25	1	1.0925	25.0000	14	1
31	1	1.1012	31.0000	5	1
21	1	0.9542	21.0000	14	1
32	1	1.0842	32.0000	4	1
26	1	1.1762	26.0000	4	1
16	1	0.7572	16.0000	16	1
12	1	1.1753	12.0000	13	1
29	1	1.0119	29.0000	9	1
23	3	1.1174	7.6667	11	1
28	1	1.0031	28.0000	4	1
21	1	1.1623	21.0000	3	1
23	1	1.0102	23.0000	4	1
21	1	1.1397	21.0000	14	1
23	2	1.0853	11.5000	3	1
24	1	1.1742	24.0000	14	1
24	1	1.1604	24.0000	14	1
32	1	1.0077	32.0000	5	1
23	1	0.8837	23.0000	17	1
15	1	0.9510	15.0000	15	1
25	1	0.9237	25.0000	12	1
27	1	0.9828	27.0000	15	1
13	1	1.0717	13.0000	14	1
19	1	0.9630	19.0000	17	1
28	1	1.0119	28.0000	6	1
26	1	1.0958	26.0000	4	1
24	1	0.8700	24.0000	14	1
29	1	1.1511	29.0000	3	1
28	1	1.0030	28.0000	5	1
14	1	0.9788	14.0000	14	1
24	1	1.1195	24.0000	14	1
28	1	0.9042	28.0000	14	1
19	1	1.1352	19.0000	3	1
18	1	1.0667	18.0000	14	1
22	1	0.8338	22.0000	13	1
29	1	1.1947	29.0000	6	1
24	1	0.9812	24.0000	17	1
21	1	0.9854	21.0000	5	1
17	1	1.1498	17.0000	3	1
24	1	1.0668	24.0000	15	1
28	1	0.9727	28.0000	14	1
28	1	1.0295	28.0000	14	1
26	1	0.8197	26.0000	16	1
14	1	0.8525	14.0000	15	1
25	1	1.0595	25.0000	16	1
19	1	1.0251	19.0000	17	1
20	1	0.9719	20.0000	15	1
26	1	1.0396	26.0000	5	1
10	1	1.0013	10.0000	5	1
29	1	1.0727	29.0000	14	1
14	1	1.0592	14.0000	3	1
22	1	0.9758	22.0000	8	1
26	1	0.9529	26.0000	5	1
17	1	1.0053	17.0000	14	1
21	1	0.9724	21.0000	14	1
15	1	1.0492	15.0000	15	1
22	1	0.7525	22.0000	14	1
18	1	0.9187	18.0000	10	1
27	1	1.0276	27.0000	8	1
24	1	0.9808	24.0000	6	1
22	1	1.0277	22.0000	10	1
17	1	1.1246	17.0000	6	1
19	2	0.9584	9.5000	5	1
24	1	1.0501	24.0000	4	1
20	1	0.9320	20.0000	14	1
22	1	0.9060	22.0000	6	1
15	1	0.9244	15.0000	14	1
31	1	1.0165	31.0000	5	1
24	1	0.8617	24.0000	14	1
22	1	1.1282	22.0000	14	1
21	1	1.0963	21.0000	4	1
24	1	0.8157	24.0000	14	1
23	1	1.0072	23.0000	14	1
25	1	1.0245	25.0000	14	1
27	1	0.9910	27.0000	14	1
25	1	1.1694	25.0000	12	1
26	1	0.8946	26.0000	14	1
25	1	1.0234	25.0000	16	1
35	1	1.1278	35.0000	3	1
18	1	1.0533	18.0000	5	1
23	1	1.0575	23.0000	17	1
20	1	1.0075	20.0000	16	1
30	1	1.0893	30.0000	5	1
22	1	0.8569	22.0000	4	1
26	1	0.8932	26.0000	6	1
15	1	0.8980	15.0000	6	1
20	1	0.9685	20.0000	14	1
17	1	1.0333	17.0000	14	1
29	1	1.1957	29.0000	3	1
23	1	1.1049	23.0000	4	1
21	1	1.1262	21.0000	14	1
26	1	0.7440	26.0000	18	1
16	1	0.9976	16.0000	6	1
21	1	0.8174	21.0000	6	1
27	1	1.0108	27.0000	16	1
11	2	0.7139	5.5000	6	1
26	1	1.1486	26.0000	4	1
22	1	1.0418	22.0000	5	1
30	2	1.1191	15.0000	5	1
28	1	1.0169	28.0000	4	1
17	1	0.9887	17.0000	14	1
30	1	1.0542	30.0000	3	1
16	1	1.0010	16.0000	3	1
27	1	0.8936	27.0000	9	1
23	1	1.0428	23.0000	12	1
23	1	0.9069	23.0000	6	1
24	1	1.0474	24.0000	4	1
31	1	1.0849	31.0000	14	1
19	1	0.8971	19.0000	5	1
25	1	0.9495	25.0000	8	1
30	1	0.9728	30.0000	14	1
21	1	0.8883	21.0000	14	1
18	1	0.9393	18.0000	14	1
20	1	1.0702	20.0000	8	1
22	1	1.0391	22.0000	4	1
17	1	1.0455	17.0000	11	1
26	1	1.0558	26.0000	5	1
20	2	1.1686	10.0000	5	1
23	1	0.8953	23.0000	13	1
26	1	1.0460	26.0000	5	1
28	1	0.9376	28.0000	7	1
25	1	1.0947	25.0000	14	1
24	1	0.9794	24.0000	15	1
19	1	0.9429	19.0000	6	1
26	1	1.0432	26.0000	5	1
27	1	0.8808	27.0000	5	1
29	1	0.9911	29.0000	5	1
27	1	0.9932	27.0000	5	1
13	1	0.7521	13.0000	5	1
23	2	1.1671	11.5000	7	1
20	1	0.9192	20.0000	9	1
27	1	1.0209	27.0000	14	1
16	1	0.9368	16.0000	14	1
29	1	1.0568	29.0000	7	1
21	1	0.9482	21.0000	14	1
20	1	1.0294	20.0000	14	1
22	1	1.0674	22.0000	4	1
17	1	1.0367	17.0000	14	1
25	1	0.9178	25.0000	4	1
60	1	3.0086	60.0000	1	1
29	1	1.1598	29.0000	16	1
17	2	0.9090	8.5000	6	1
24	1	0.9928	24.0000	14	1
16	1	0.8836	16.0000	16	1
18	1	1.0682	18.0000	4	1
30	1	0.8833	30.0000	14	1
25	1	0.9006	25.0000	14	1
28	1	0.9190	28.0000	5	1
19	1	1.1690	19.0000	4	1
26	2	0.9012	13.0000	14	1
20	1	0.9690	20.0000	4	1
31	1	1.0572	31.0000	4	1
22	2	0.8001	11.0000	8	1
23	1	1.0899	23.0000	12	1
27	1	0.9352	27.0000	4	1
26	1	0.9303	26.0000	13	1
23	1	1.9222	23.0000	2	1
28	1	1.1132	28.0000	14	1
20	1	0.9248	20.0000	15	1
24	1	0.9832	24.0000	14	1
27	1	0.9364	27.0000	16	1
22	1	1.1724	22.0000	5	1
19	1	1.0765	19.0000	4	1
24	1	0.9421	24.0000	15	1
21	1	0.8643	21.0000	14	1
21	1	1.1957	21.0000	4	1
26	1	1.0177	26.0000	5	1
25	1	0.9272	25.0000	14	1
37	1	0.8869	37.0000	13	1
18	1	1.2013	18.0000	14	1
20	1	1.0347	20.0000	14	1
29	1	0.9680	29.0000	14	1
14	1	1.0558	14.0000	14	1
35	1	0.9291	35.0000	14	1
22	1	1.0644	22.0000	6	1
22	1	0.9060	22.0000	16	1
25	1	1.0239	25.0000	4	1
25	1	0.9304	25.0000	7	1
22	1	0.9615	22.0000	15	1
23	1	1.2594	23.0000	13	1
20	1	0.8851	20.0000	5	1
30	1	0.8352	30.0000	7	1
20	1	0.9218	20.0000	14	1
22	1	1.0671	22.0000	14	1
26	1	1.0243	26.0000	4	1
21	1	1.2232	21.0000	14	1
21	1	0.8953	21.0000	6	1
25	1	0.9425	25.0000	10	1
18	1	1.1699	18.0000	7	1
22	1	0.9246	22.0000	12	1
26	1	0.9434	26.0000	6	1
25	1	1.1018	25.0000	14	1
30	1	1.0334	30.0000	13	1
24	1	0.9859	24.0000	4	1
36	1	1.2120	36.0000	4	1
22	1	1.1568	22.0000	10	1
24	1	0.8628	24.0000	4	1
32	1	1.0362	32.0000	14	1
23	1	0.8652	23.0000	4	1
26	1	0.9982	26.0000	4	1
26	1	1.2408	26.0000	3	1
31	1	1.2143	31.0000	4	1
17	1	0.9285	17.0000	7	1
26	1	0.8769	26.0000	5	1
28	1	0.8922	28.0000	14	1
15	1	0.9439	15.0000	3	1
23	1	1.0574	23.0000	4	1
21	1	1.0095	21.0000	15	1
30	1	0.8325	30.0000	14	1
19	1	0.9865	19.0000	6	1
22	1	1.0482	22.0000	4	1
15	1	0.8635	15.0000	4	1
10	1	0.8781	10.0000	8	1
19	1	0.8900	19.0000	15	1
28	1	1.0681	28.0000	4	1
16	1	0.8736	16.0000	14	1
27	1	0.9878	27.0000	14	1
25	1	0.9887	25.0000	14	1
29	1	0.8434	29.0000	15	1
45	2	0.9255	22.5000	5	1
24	3	1.0179	8.0000	3	1
29	1	1.0736	29.0000	6	1
33	1	0.7849	33.0000	15	1
29	1	1.0162	29.0000	14	1
14	1	1.1136	14.0000	14	1
21	1	0.9446	21.0000	16	1
30	1	1.0525	30.0000	14	1
27	1	1.2029	27.0000	14	1
15	1	1.0982	15.0000	4	1
19	1	0.9403	19.0000	10	1
22	1	0.8989	22.0000	17	1
31	1	1.1270	31.0000	14	1
29	1	0.9793	29.0000	5	1
19	1	1.0250	19.0000	14	1
25	1	1.4626	25.0000	4	1
23	1	0.9364	23.0000	18	1
25	1	1.1319	25.0000	5	1
21	1	1.1681	21.0000	7	1
22	1	0.7682	22.0000	15	1
15	1	1.0163	15.0000	15	1
15	1	1.0781	15.0000	5	1
14	7	0.8361	2.0000	16	1
18	1	0.9480	18.0000	5	1
19	1	0.9811	19.0000	15	1
28	1	1.0565	28.0000	16	1
23	1	1.0173	23.0000	7	1
14	1	0.8689	14.0000	4	1
21	1	1.1988	21.0000	3	1
15	1	1.2090	15.0000	5	1
22	1	0.8944	22.0000	4	1
20	1	1.0378	20.0000	12	1
23	1	0.9244	23.0000	6	1
23	1	1.0590	23.0000	6	1
26	1	0.7533	26.0000	7	1
32	1	0.9152	32.0000	17	1
28	1	1.0499	28.0000	17	1
23	1	1.0355	23.0000	14	1
16	1	1.0166	16.0000	4	1
34	1	0.9393	34.0000	4	1
25	1	0.9121	25.0000	15	1
5	1	1.2733	5.0000	18	1
26	1	1.0258	26.0000	14	1
17	1	0.7483	17.0000	14	1
25	1	0.8985	25.0000	6	1
21	1	1.1453	21.0000	14	1
34	1	1.0834	34.0000	3	1
24	1	0.8461	24.0000	16	1
26	1	1.0468	26.0000	13	1
31	1	1.0909	31.0000	14	1
52	1	2.9180	52.0000	1	1
31	1	1.0618	31.0000	14	1
24	1	0.8695	24.0000	7	1
31	1	1.0558	31.0000	15	1
17	1	1.1633	17.0000	9	1
20	1	1.2754	20.0000	3	1
21	1	0.9537	21.0000	7	1
24	1	0.9388	24.0000	14	1
23	1	1.0216	23.0000	4	1
24	1	1.0360	24.0000	14	1
20	1	1.0816	20.0000	4	1
22	1	0.8923	22.0000	9	1
20	1	0.8104	20.0000	5	1
27	1	0.9160	27.0000	14	1
19	1	1.1113	19.0000	5	1
25	1	1.0053	25.0000	14	1
24	1	0.9066	24.0000	14	1
26	1	0.9333	26.0000	14	1
26	1	1.0743	26.0000	14	1
24	1	0.8264	24.0000	7	1
17	1	1.0692	17.0000	15	1
25	1	1.0596	25.0000	14	1
23	1	0.9380	23.0000	14	1
15	1	0.9641	15.0000	16	1
19	1	0.7539	19.0000	14	1
25	1	1.1342	25.0000	5	1
8	1	1.2939	8.0000	4	1
21	1	0.9719	21.0000	6	1
19	1	0.9248	19.0000	8	1
18	1	0.9927	18.0000	16	1
26	1	1.0015	26.0000	10	1
23	1	1.0230	23.0000	14	1
36	1	1.1534	36.0000	11	1
28	2	1.0024	14.0000	7	1
164	1	3.2636	164.0000	0	1
30	1	0.8183	30.0000	14	1
29	1	1.1484	29.0000	4	1
24	1	1.0983	24.0000	9	1
23	1	1.1079	23.0000	14	1
12	1	1.1622	12.0000	4	1
21	1	0.9705	21.0000	3	1
23	1	0.8853	23.0000	5	1
14	1	1.0706	14.0000	14	1
22	1	1.2497	22.0000	11	1
21	1	1.2084	21.0000	5	1
26	1	0.8857	26.0000	15	1
17	1	1.0187	17.0000	14	1
26	1	0.9347	26.0000	16	1
28	1	1.7451	28.0000	3	1
23	1	1.0075	23.0000	14	1
24	1	0.8969	24.0000	7	1
23	1	0.9517	23.0000	6	1
21	1	1.0053	21.0000	5	1
21	1	1.2878	21.0000	14	1
24	1	1.0242	24.0000	14	1
26	1	1.0777	26.0000	5	1
17	1	1.0887	17.0000	4	1
23	1	0.9868	23.0000	3	1
13	1	0.9495	13.0000	6	1
22	1	1.0514	22.0000	4	1
28	1	0.8695	28.0000	4	1
16	1	0.8281	16.0000	17	1
22	1	1.1112	22.0000	14	1
18	1	1.1717	18.0000	5	1
23	1	0.9810	23.0000	15	1
23	1	0.9909	23.0000	14	1
30	1	0.8767	30.0000	15	1
25	1	1.2670	25.0000	14	1
22	1	1.2628	22.0000	6	1
20	1	1.0334	20.0000	4	1
22	1	0.9922	22.0000	6	1
30	1	1.1614	30.0000	3	1
20	1	1.0298	20.0000	3	1
23	1	1.0438	23.0000	4	1
22	1	0.8529	22.0000	4	1
22	1	1.1164	22.0000	14	1
48	1	5.7561	48.0000	8	1
23	1	1.1365	23.0000	4	1
23	1	1.0351	23.0000	5	1
19	1	1.1343	19.0000	15	1
17	1	1.0461	17.0000	3	1
21	1	1.1396	21.0000	3	1
45	2	0.8929	22.5000	5	1
22	1	0.9625	22.0000	20	1
23	1	1.0084	23.0000	10	1
30	1	1.0882	30.0000	14	1
29	1	1.1958	29.0000	2	1
10	1	1.0453	10.0000	5	1
20	1	1.1283	20.0000	14	1
16	1	0.7134	16.0000	8	1
19	1	1.0134	19.0000	14	1
31	1	1.1765	31.0000	14	1
27	1	1.0071	27.0000	14	1
26	1	0.8401	26.0000	5	1
19	1	1.0971	19.0000	3	1
19	1	0.7606	19.0000	15	1
31	1	0.9687	31.0000	5	1
14	1	0.9497	14.0000	15	1
25	1	0.9062	25.0000	14	1
25	1	1.1048	25.0000	4	1
32	1	0.9570	32.0000	14	1
29	1	0.9361	29.0000	9	1
17	1	1.0068	17.0000	16	1
27	1	1.0195	27.0000	6	1
25	1	1.0141	25.0000	5	1
20	1	0.9206	20.0000	6	1
17	1	1.0671	17.0000	14	1
21	1	1.0106	21.0000	16	1
40	1	1.0170	40.0000	14	1
23	1	1.0799	23.0000	14	1
27	1	1.0159	27.0000	4	1
20	1	0.6878	20.0000	14	1
20	1	1.0031	20.0000	14	1
17	1	1.0102	17.0000	5	1
28	1	1.0263	28.0000	16	1
20	1	1.0127	20.0000	6	1
30	1	1.0058	30.0000	14	1
18	1	1.0844	18.0000	4	1
30	1	1.0890	30.0000	4	1
25	1	0.9994	25.0000	14	1
16	1	0.8487	16.0000	15	1
20	1	0.8337	20.0000	6	1
23	1	1.0318	23.0000	14	1
18	1	1.1374	18.0000	14	1
21	1	0.8804	21.0000	5	1
26	1	1.0379	26.0000	14	1
27	1	0.9590	27.0000	15	1
23	1	1.0586	23.0000	4	1
23	1	0.9195	23.0000	14	1
20	1	1.0492	20.0000	5	1
23	1	0.9156	23.0000	15	1
29	1	1.1703	29.0000	3	1
23	1	0.9270	23.0000	6	1
33	1	1.0836	33.0000	5	1
23	1	1.1031	23.0000	3	1
29	1	0.9818	29.0000	6	1
24	1	1.2566	24.0000	3	1
28	1	1.1894	28.0000	4	1
26	1	0.9224	26.0000	16	1
23	1	1.1064	23.0000	5	1
29	1	0.9259	29.0000	14	1
22	1	0.8402	22.0000	11	1
22	1	1.1535	22.0000	4	1
31	1	0.9056	31.0000	7	1
30	1	1.1769	30.0000	6	1
22	1	0.8417	22.0000	6	1
23	1	1.0330	23.0000	14	1
26	1	0.9473	26.0000	9	1
25	1	0.9053	25.0000	18	1
16	1	1.0494	16.0000	8	1
30	1	0.8149	30.0000	11	1
27	1	1.1663	27.0000	5	1
14	1	0.9118	14.0000	5	1
16	1	1.0138	16.0000	14	1
16	1	1.1065	16.0000	14	1
21	1	0.9114	21.0000	5	1
25	1	1.1781	25.0000	5	1
23	1	1.0194	23.0000	14	1
23	1	0.7702	23.0000	15	1
27	1	0.8393	27.0000	15	1
25	1	0.4579	25.0000	14	1
26	1	0.9648	26.0000	6	1
12	1	1.0087	12.0000	15	1
27	1	1.1787	27.0000	5	1
27	1	0.9189	27.0000	5	1
30	1	1.0520	30.0000	9	1
27	1	1.0432	27.0000	14	1
15	1	0.9816	15.0000	14	1
21	1	0.9271	21.0000	16	1
26	1	1.0342	26.0000	7	1
17	1	1.0677	17.0000	14	1
32	1	1.0230	32.0000	14	1
24	1	1.1095	24.0000	14	1
28	1	1.1162	28.0000	5	1
28	1	1.0273	28.0000	6	1
20	1	1.1256	20.0000	14	1
148	2	1.2077	74.0000	13	1
26	1	0.8285	26.0000	14	1
29	1	0.9858	29.0000	14	1
30	1	1.2507	30.0000	5	1
14	1	1.0403	14.0000	4	1
19	1	1.1594	19.0000	4	1
18	2	1.0508	9.0000	14	1
19	1	1.0122	19.0000	4	1
25	1	0.9453	25.0000	6	1
24	1	1.0128	24.0000	4	1
21	1	1.1514	21.0000	4	1
23	1	1.0910	23.0000	14	1
18	1	0.9376	18.0000	15	1
29	1	0.9828	29.0000	10	1
17	1	0.9524	17.0000	14	1
35	1	1.1467	35.0000	8	1
25	1	1.0086	25.0000	6	1
17	2	0.8817	8.5000	16	1
21	1	0.9851	21.0000	14	1
27	1	0.9234	27.0000	8	1
22	1	0.7389	22.0000	14	1
23	1	1.0599	23.0000	7	1
16	1	0.9806	16.0000	6	1
15	2	0.9719	7.5000	14	1
34	1	1.0163	34.0000	5	1
26	1	1.1640	26.0000	17	1
18	1	1.1563	18.0000	5	1
6	1	0.8410	6.0000	5	1
17	1	1.0956	17.0000	13	1
32	1	1.0723	32.0000	15	1
18	1	1.0845	18.0000	19	1
20	1	1.1770	20.0000	5	1
28	1	1.1244	28.0000	16	1
28	1	0.8824	28.0000	14	1
15	2	0.9932	7.5000	14	1
17	1	0.9367	17.0000	14	1
20	2	0.9698	10.0000	5	1
27	1	1.0057	27.0000	15	1
24	1	0.8680	24.0000	12	1
28	1	1.0620	28.0000	9	1
24	1	0.9021	24.0000	10	1
20	1	0.7774	20.0000	14	1
20	1	0.9807	20.0000	14	1
28	1	0.8147	28.0000	15	1
24	1	1.0135	24.0000	5	1
20	1	1.0505	20.0000	6	1
25	1	1.0394	25.0000	15	1
24	1	0.9926	24.0000	16	1
18	1	0.7918	18.0000	4	1
26	1	1.1168	26.0000	14	1
27	1	1.0039	27.0000	8	1
20	1	0.9539	20.0000	15	1
26	1	0.8671	26.0000	7	1
27	1	0.9505	27.0000	14	1
28	1	1.1155	28.0000	3	1
17	1	1.0777	17.0000	4	1
21	1	1.0368	21.0000	14	1
27	1	0.9084	27.0000	4	1
20	1	1.0442	20.0000	4	1
28	1	0.9648	28.0000	14	1
23	1	0.8980	23.0000	5	1
33	1	1.1170	33.0000	14	1
30	1	0.9606	30.0000	13	1
29	1	0.9789	29.0000	15	1
25	1	1.0776	25.0000	4	1
26	1	1.2798	26.0000	14	1
33	1	1.0908	33.0000	14	1
26	1	0.9912	26.0000	5	1
28	1	0.9846	28.0000	3	1
31	1	0.9014	31.0000	14	1
20	1	0.9976	20.0000	14	1
30	1	1.1201	30.0000	13	1
19	1	1.0959	19.0000	14	1
24	1	0.8099	24.0000	14	1
29	1	0.9152	29.0000	16	1
31	1	0.9910	31.0000	14	1
15	1	0.9396	15.0000	9	1
24	1	1.1972	24.0000	3	1
25	1	0.9521	25.0000	14	1
16	1	0.9371	16.0000	14	1
28	1	1.0082	28.0000	14	1
27	1	1.0387	27.0000	14	1
27	1	0.9057	27.0000	4	1
21	1	0.9323	21.0000	13	1
27	1	0.9406	27.0000	14	1
22	1	0.9748	22.0000	4	1
17	1	0.9475	17.0000	11	1
30	1	0.9773	30.0000	14	1
20	1	0.8856	20.0000	16	1
29	1	0.9863	29.0000	5	1
23	1	1.1374	23.0000	6	1
18	1	0.8509	18.0000	14	1
31	1	1.0345	31.0000	4	1
20	1	0.8573	20.0000	14	1
29	1	1.4018	29.0000	4	1
26	1	0.6087	26.0000	14	1
23	1	1.1249	23.0000	14	1
13	1	0.9422	13.0000	7	1
24	1	0.9618	24.0000	4	1
25	1	1.1158	25.0000	4	1
21	1	1.0618	21.0000	4	1
35	1	1.0238	35.0000	16	1
26	1	0.8502	26.0000	4	1
20	1	0.9592	20.0000	14	1
23	1	0.9219	23.0000	14	1
23	1	0.8559	23.0000	4	1
17	1	1.1283	17.0000	7	1
31	1	0.7518	31.0000	6	1
23	1	0.9322	23.0000	5	1
22	1	0.9468	22.0000	14	1
37	1	1.2179	37.0000	5	1
18	1	1.0189	18.0000	5	1
18	1	1.1687	18.0000	4	1
26	1	1.0954	26.0000	5	1
25	1	0.9200	25.0000	16	1
27	1	1.0492	27.0000	5	1
34	1	0.9874	34.0000	5	1
15	1	1.0991	15.0000	4	1
29	1	0.8956	29.0000	4	1
18	1	0.9470	18.0000	6	1
21	1	1.1709	21.0000	5	1
19	1	1.0810	19.0000	3	1
21	1	1.0521	21.0000	14	1
25	1	1.1451	25.0000	4	1
21	1	0.9703	21.0000	14	1
14	1	1.0247	14.0000	4	1
19	1	0.9406	19.0000	15	1
23	1	1.0458	23.0000	14	1
16	1	1.0678	16.0000	14	1
26	1	0.8426	26.0000	15	1
19	1	0.9809	19.0000	5	1
15	1	1.0758	15.0000	5	1
33	1	0.9722	33.0000	16	1
32	1	1.3009	32.0000	4	1
24	1	1.1218	24.0000	14	1
24	1	0.8426	24.0000	14	1
20	1	0.9053	20.0000	5	1
21	1	1.1257	21.0000	4	1
23	1	1.0310	23.0000	14	1
21	1	1.0261	21.0000	5	1
19	1	0.9157	19.0000	14	1
23	1	1.1035	23.0000	15	1
21	1	1.2071	21.0000	5	1
19	1	0.8950	19.0000	14	1
21	1	0.9590	21.0000	4	1
18	1	1.0838	18.0000	15	1
18	1	1.0608	18.0000	6	1
26	1	0.8915	26.0000	6	1
33	1	0.9522	33.0000	14	1
24	1	0.9925	24.0000	4	1
31	2	0.9738	15.5000	6	1
21	1	1.0652	21.0000	8	1
32	1	0.9099	32.0000	10	1
15	1	1.5823	15.0000	14	1
23	1	1.1119	23.0000	5	1
25	1	0.9045	25.0000	8	1
29	1	0.9616	29.0000	13	1
20	1	1.1226	20.0000	4	1
26	1	0.9060	26.0000	14	1
21	1	1.1663	21.0000	11	1
34	1	1.1652	34.0000	14	1
20	1	1.1093	20.0000	14	1
22	1	1.1718	22.0000	6	1
21	1	0.9103	21.0000	5	1
30	1	0.9216	30.0000	14	1
28	1	1.0775	28.0000	8	1
22	1	1.0422	22.0000	14	1
30	1	1.1163	30.0000	9	1
33	7	1.2860	4.7143	5	1
33	1	1.0784	33.0000	6	1
19	1	0.8735	19.0000	5	1
18	1	0.8973	18.0000	15	1
29	2	0.8281	14.5000	15	1
44	1	0.9871	44.0000	12	1
23	1	1.0044	23.0000	4	1
25	1	1.0059	25.0000	12	1
21	1	0.9375	21.0000	8	1
18	1	1.0750	18.0000	5	1
33	1	0.7734	33.0000	4	1
28	1	0.7439	28.0000	5	1
25	1	0.9334	25.0000	14	1
26	2	1.2233	13.0000	14	1
24	1	1.1527	24.0000	15	1
20	1	1.0740	20.0000	5	1
27	1	0.9613	27.0000	5	1
25	1	0.7531	25.0000	4	1
26	1	1.3129	26.0000	14	1
30	1	0.8514	30.0000	14	1
15	1	0.8403	15.0000	4	1
19	1	1.0687	19.0000	3	1
22	1	0.9679	22.0000	14	1
27	1	0.8857	27.0000	8	1
29	1	1.0673	29.0000	7	1
32	1	1.2350	32.0000	14	1
26	1	0.9340	26.0000	15	1
27	1	1.1208	27.0000	3	1
23	1	0.9591	23.0000	5	1
24	1	0.9782	24.0000	15	1
27	1	1.0797	27.0000	14	1
29	1	1.0014	29.0000	17	1
28	1	0.9805	28.0000	5	1
21	1	1.0456	21.0000	4	1
19	1	1.0950	19.0000	4	1
23	1	0.9438	23.0000	15	1
18	1	1.1678	18.0000	3	1
28	1	0.9402	28.0000	6	1
32	1	0.8803	32.0000	19	1
32	1	1.0117	32.0000	5	1
24	1	0.8907	24.0000	5	1
18	1	1.0632	18.0000	14	1
21	1	1.0392	21.0000	14	1
28	1	0.9605	28.0000	4	1
20	1	0.9511	20.0000	14	1
29	1	0.9065	29.0000	6	1
26	1	1.1230	26.0000	14	1
28	1	0.8848	28.0000	5	1
27	1	1.1073	27.0000	5	1
22	1	0.9837	22.0000	15	1
31	1	1.0296	31.0000	14	1
28	1	1.1010	28.0000	14	1
18	1	1.0199	18.0000	5	1
26	1	1.1231	26.0000	5	1
23	1	0.9836	23.0000	15	1
24	1	0.9233	24.0000	14	1
20	1	0.9685	20.0000	4	1
13	1	0.9887	13.0000	14	1
26	1	0.9193	26.0000	10	1
19	1	1.1928	19.0000	4	1
22	1	1.0261	22.0000	14	1
17	1	1.0947	17.0000	15	1
23	1	1.0076	23.0000	6	1
26	1	0.9478	26.0000	6	1
33	1	1.0294	33.0000	5	1
23	1	1.0309	23.0000	11	1
27	1	0.9884	27.0000	12	1
30	2	1.0272	15.0000	5	1
36	1	1.1531	36.0000	5	1
12	2	0.4884	6.0000	15	1
18	1	0.9053	18.0000	15	1
23	1	0.9509	23.0000	5	1
25	1	0.9445	25.0000	3	1
24	1	0.9026	24.0000	14	1
22	1	1.1174	22.0000	5	1
7	2	0.9232	3.5000	26	1
25	2	1.0112	12.5000	3	1
28	1	1.1771	28.0000	4	1
23	1	0.9024	23.0000	15	1
20	1	0.9786	20.0000	14	1
25	1	1.0703	25.0000	5	1
32	1	0.8524	32.0000	15	1
21	1	1.0943	21.0000	14	1
17	1	1.0435	17.0000	15	1
25	1	0.8243	25.0000	5	1
25	1	0.8737	25.0000	4	1
32	1	1.0573	32.0000	14	1
29	1	0.9063	29.0000	3	1
22	1	1.1695	22.0000	15	1
21	1	0.9589	21.0000	11	1
22	1	0.8187	22.0000	14	1
22	1	0.8922	22.0000	14	1
16	1	0.9632	16.0000	5	1
29	1	0.8284	29.0000	11	1
22	1	0.9828	22.0000	14	1
22	1	0.8604	22.0000	16	1
18	1	1.0136	18.0000	16	1
23	1	1.0798	23.0000	15	1
29	1	0.9040	29.0000	5	1
22	1	0.7993	22.0000	14	1
25	1	1.0110	25.0000	14	1
28	1	0.9095	28.0000	14	1
13	1	0.8186	13.0000	14	1
16	1	0.8300	16.0000	16	1
18	1	1.2182	18.0000	14	1
30	1	0.9609	30.0000	13	1
15	1	1.2549	15.0000	3	1
25	1	0.9684	25.0000	6	1
31	1	0.7885	31.0000	9	1
24	2	1.9352	12.0000	3	1
23	1	1.0468	23.0000	3	1
24	1	1.0345	24.0000	14	1
32	1	1.1749	32.0000	14	1
21	1	1.0160	21.0000	4	1
25	1	1.0351	25.0000	14	1
24	1	0.8732	24.0000	4	1
21	1	1.2122	21.0000	14	1
22	1	0.9333	22.0000	13	1
19	1	0.8013	19.0000	14	1
15	1	0.4837	15.0000	13	1
20	1	0.9442	20.0000	12	1
20	1	1.0911	20.0000	16	1
24	1	1.0356	24.0000	14	1
24	1	1.0581	24.0000	14	1
19	1	1.0520	19.0000	3	1
41	1	4.7311	41.0000	9	1
33	1	0.6530	33.0000	16	1
27	1	0.7705	27.0000	15	1
17	1	1.1876	17.0000	7	1
17	1	1.1935	17.0000	6	1
34	1	1.0288	34.0000	4	1
21	1	0.9289	21.0000	14	1
34	1	0.9985	34.0000	8	1
33	1	0.7404	33.0000	14	1
19	1	1.1649	19.0000	16	1
26	1	0.7716	26.0000	6	1
25	1	0.8638	25.0000	14	1
22	1	0.8608	22.0000	14	1
18	1	0.9655	18.0000	15	1
21	1	0.8229	21.0000	14	1
17	1	1.1917	17.0000	3	1
19	1	0.9796	19.0000	6	1
17	1	1.0509	17.0000	14	1
21	1	1.0682	21.0000	14	1
28	1	1.0022	28.0000	6	1
25	1	0.9160	25.0000	14	1
26	1	0.9857	26.0000	14	1
17	1	1.0544	17.0000	15	1
26	1	1.1661	26.0000	14	1
24	1	0.9522	24.0000	5	1
29	1	1.0647	29.0000	8	1
17	1	0.9250	17.0000	5	1
22	1	1.0205	22.0000	7	1
30	1	0.9943	30.0000	4	1
28	1	0.9538	28.0000	14	1
15	1	0.8906	15.0000	14	1
29	1	0.9098	29.0000	4	1
17	1	0.9901	17.0000	18	1
19	2	1.1748	9.5000	6	1
27	1	0.9794	27.0000	7	1
30	1	1.0865	30.0000	5	1
30	1	0.9421	30.0000	14	1
20	1	1.0124	20.0000	14	1
23	1	0.9225	23.0000	6	1
209	1	9.1564	209.0000	0	1
24	1	1.1655	24.0000	4	1
11	1	1.0670	11.0000	4	1
20	1	0.9573	20.0000	4	1
27	2	1.1711	13.5000	4	1
28	1	1.1836	28.0000	14	1
22	1	0.6067	22.0000	14	1
22	1	0.8924	22.0000	14	1
31	1	0.9167	31.0000	6	1
18	1	1.0573	18.0000	16	1
28	1	0.9539	28.0000	16	1
22	1	0.9421	22.0000	14	1
23	1	1.0714	23.0000	17	1
24	1	0.9225	24.0000	17	1
21	1	0.8554	21.0000	16	1
9	1	1.1367	9.0000	6	1
24	1	1.1595	24.0000	14	1
21	1	0.9313	21.0000	4	1
25	1	0.9879	25.0000	7	1
25	1	1.1323	25.0000	17	1
10	1	1.0358	10.0000	7	1
20	1	0.9905	20.0000	4	1
23	1	0.8867	23.0000	14	1
33	1	0.8632	33.0000	14	1
21	1	0.9519	21.0000	14	1
19	1	0.8841	19.0000	7	1
17	1	0.9714	17.0000	15	1
22	1	1.0041	22.0000	7	1
29	1	1.1202	29.0000	5	1
17	1	0.9923	17.0000	15	1
28	1	1.0643	28.0000	5	1
27	1	0.8926	27.0000	16	1
18	1	0.7427	18.0000	15	1
22	1	0.9250	22.0000	14	1
23	1	1.0170	23.0000	14	1
24	1	1.0018	24.0000	14	1
15	1	0.9108	15.0000	15	1
20	1	0.8758	20.0000	4	1
20	1	1.0672	20.0000	5	1
23	1	1.0891	23.0000	7	1
24	1	1.0483	24.0000	15	1
32	1	0.7951	32.0000	5	1
14	1	0.9819	14.0000	10	1
23	1	1.0835	23.0000	15	1
14	2	0.9351	7.0000	18	1
23	1	1.0363	23.0000	14	1
28	1	0.9206	28.0000	14	1
12	1	0.8926	12.0000	15	1
26	1	0.9512	26.0000	15	1
25	1	0.9986	25.0000	6	1
23	1	1.1456	23.0000	13	1
25	1	1.0994	25.0000	3	1
28	1	1.1570	28.0000	13	1
22	1	1.0780	22.0000	5	1
16	1	0.9353	16.0000	15	1
29	1	0.9089	29.0000	4	1
31	1	0.9353	31.0000	5	1
25	1	0.7953	25.0000	15	1
21	1	0.9536	21.0000	7	1
11	1	1.0114	11.0000	14	1
33	1	0.9088	33.0000	5	1
20	1	0.8821	20.0000	4	1
23	1	0.8206	23.0000	14	1
20	1	1.0293	20.0000	14	1
30	1	1.0463	30.0000	15	1
29	1	1.0572	29.0000	9	1
18	1	0.9441	18.0000	16	1
28	1	1.0300	28.0000	14	1
20	1	1.2587	20.0000	4	1
32	1	0.7075	32.0000	15	1
29	1	1.1204	29.0000	14	1
113	1	6.3163	113.0000	0	1
20	1	0.9385	20.0000	14	1
24	1	1.2332	24.0000	14	1
18	2	1.1117	9.0000	5	1
20	1	0.9722	20.0000	15	1
21	1	0.9499	21.0000	14	1
20	1	0.8989	20.0000	14	1
30	1	0.9790	30.0000	4	1
16	1	0.9718	16.0000	14	1
24	1	1.0243	24.0000	3	1
39	1	1.9299	39.0000	8	1
29	1	1.1565	29.0000	5	1
22	1	1.1012	22.0000	14	1
16	1	0.8732	16.0000	9	1
27	1	0.9964	27.0000	14	1
18	1	0.9828	18.0000	12	1
26	1	1.0330	26.0000	16	1
16	1	0.9823	16.0000	16	1
21	1	0.8970	21.0000	6	1
31	1	1.0962	31.0000	5	1
21	1	1.1331	21.0000	7	1
18	1	0.9917	18.0000	15	1
28	1	1.0794	28.0000	6	1
28	1	1.0004	28.0000	15	1
18	1	0.9445	18.0000	15	1
11	1	0.9438	11.0000	15	1
37	1	0.8169	37.0000	14	1
25	1	1.1692	25.0000	4	1
18	1	0.8146	18.0000	15	1
16	1	0.8460	16.0000	5	1
22	1	0.8279	22.0000	7	1
23	1	1.0338	23.0000	14	1
19	1	0.9421	19.0000	14	1
25	1	1.0157	25.0000	7	1
23	1	1.1420	23.0000	14	1
22	1	1.0519	22.0000	4	1
17	1	0.8742	17.0000	5	1
17	1	1.1979	17.0000	14	1
35	1	1.1936	35.0000	16	1
24	1	0.9522	24.0000	5	1
31	1	0.9985	31.0000	4	1
26	1	0.9381	26.0000	14	1
25	1	1.0395	25.0000	14	1
24	1	0.8239	24.0000	4	1
26	1	0.9747	26.0000	5	1
32	1	1.1621	32.0000	7	1
24	1	1.0394	24.0000	6	1
19	1	1.0118	19.0000	14	1
18	1	0.9919	18.0000	6	1
29	1	1.1001	29.0000	3	1
28	1	1.0173	28.0000	6	1
22	1	0.9761	22.0000	14	1
30	1	0.8768	30.0000	14	1
20	1	0.6341	20.0000	14	1
24	1	1.1824	24.0000	8	1
20	1	0.9782	20.0000	16	1
26	1	0.9484	26.0000	7	1
25	1	0.8877	25.0000	6	1
20	1	1.2074	20.0000	14	1
23	1	1.1113	23.0000	4	1
25	1	1.2850	25.0000	5	1
23	1	0.9315	23.0000	14	1
18	1	1.0186	18.0000	14	1
25	1	0.9720	25.0000	14	1
22	1	1.0008	22.0000	4	1
16	1	1.0044	16.0000	16	1
15	1	1.0133	15.0000	6	1
17	1	0.9404	17.0000	14	1
25	1	1.0317	25.0000	6	1
19	1	0.9496	19.0000	4	1
20	1	1.1374	20.0000	6	1
21	1	1.2970	21.0000	14	1
32	1	1.0090	32.0000	14	1
23	1	0.9138	23.0000	14	1
29	1	0.8102	29.0000	17	1
31	1	1.0289	31.0000	7	1
19	1	0.8872	19.0000	4	1
23	1	0.8014	23.0000	14	1
21	1	1.0905	21.0000	15	1
28	1	0.9838	28.0000	12	1
24	1	0.9638	24.0000	7	1
19	1	1.0818	19.0000	3	1
19	1	0.7215	19.0000	14	1
26	1	0.8942	26.0000	14	1
18	1	0.8602	18.0000	7	1
21	1	0.9590	21.0000	14	1
38	1	1.0684	38.0000	11	1
24	1	1.0800	24.0000	15	1
20	1	0.7374	20.0000	15	1
30	1	2.8598	30.0000	13	1
26	1	0.9920	26.0000	5	1
21	1	1.1125	21.0000	5	1
16	1	0.9699	16.0000	14	1
16	1	1.1200	16.0000	13	1
23	1	0.9713	23.0000	15	1
24	1	0.7814	24.0000	14	1
23	1	1.0323	23.0000	15	1
34	1	0.9576	34.0000	5	1
26	2	0.8589	13.0000	16	1
18	1	0.8803	18.0000	15	1
30	1	1.1481	30.0000	14	1
18	1	1.0265	18.0000	14	1
31	1	0.9002	31.0000	9	1
27	1	1.1270	27.0000	3	1
32	1	1.0803	32.0000	4	1
29	1	1.1222	29.0000	14	1
26	1	1.0981	26.0000	15	1
20	1	1.1683	20.0000	4	1
16	1	0.9692	16.0000	5	1
28	1	0.9592	28.0000	4	1
30	1	0.9246	30.0000	4	1
23	1	1.0586	23.0000	14	1
21	1	0.9548	21.0000	11	1
27	1	0.9976	27.0000	5	1
18	1	0.9716	18.0000	14	1
16	1	0.8802	16.0000	14	1
21	1	1.0929	21.0000	14	1
20	1	0.9858	20.0000	10	1
25	1	0.9631	25.0000	14	1
23	1	1.1782	23.0000	16	1
27	1	0.9523	27.0000	6	1
16	1	1.0274	16.0000	5	1
24	1	0.8654	24.0000	9	1
35	1	0.9263	35.0000	15	1
29	1	1.0461	29.0000	4	1
21	1	0.9551	21.0000	3	1
26	1	0.7745	26.0000	16	1
25	1	0.9992	25.0000	4	1
21	1	0.8447	21.0000	14	1
12	1	1.0163	12.0000	15	1
31	1	1.1345	31.0000	14	1
20	1	0.8511	20.0000	14	1
21	1	0.8989	21.0000	14	1
23	1	1.1068	23.0000	6	1
61	1	2.8995	61.0000	1	1
24	1	0.9367	24.0000	16	1
34	1	0.9866	34.0000	16	1
17	1	1.1105	17.0000	14	1
22	1	1.1192	22.0000	4	1
24	1	1.0059	24.0000	6	1
23	1	0.9363	23.0000	5	1
19	1	0.8947	19.0000	5	1
27	1	0.8390	27.0000	6	1
36	1	1.0462	36.0000	7	1
222	1	7.4845	222.0000	0	1
26	1	1.0601	26.0000	6	1
25	1	1.0418	25.0000	6	1
35	1	0.8544	35.0000	5	1
24	1	0.9752	24.0000	5	1
16	1	1.0950	16.0000	15	1
27	1	1.0038	27.0000	4	1
27	1	1.2044	27.0000	14	1
20	1	0.9542	20.0000	5	1
13	1	0.9531	13.0000	14	1
29	2	0.9263	14.5000	14	1
20	1	1.0310	20.0000	14	1
18	1	1.0914	18.0000	14	1
21	1	1.0035	21.0000	9	1
19	1	0.9909	19.0000	6	1
21	1	1.0206	21.0000	14	1
24	1	1.0529	24.0000	14	1
30	1	0.9380	30.0000	14	1
35	1	0.8828	35.0000	14	1
20	1	1.1675	20.0000	4	1
26	1	1.1115	26.0000	3	1
18	1	0.9151	18.0000	5	1
17	2	1.1007	8.5000	4	1
28	1	1.0910	28.0000	14	1
17	1	0.8251	17.0000	7	1
20	1	0.9892	20.0000	14	1
23	1	0.8244	23.0000	4	1
24	1	0.9701	24.0000	15	1
26	1	0.9610	26.0000	14	1
28	1	0.9303	28.0000	9	1
27	1	0.9351	27.0000	14	1
20	1	0.8962	20.0000	15	1
18	1	0.9450	18.0000	14	1
3	1	0.8477	3.0000	16	1
28	1	1.0631	28.0000	5	1
25	1	0.9269	25.0000	5	1
24	2	1.0065	12.0000	3	1
17	1	1.0362	17.0000	17	1
17	1	0.9970	17.0000	17	1
30	1	1.0248	30.0000	16	1
33	1	1.0316	33.0000	16	1
20	5	0.9170	4.0000	4	1
28	1	0.8695	28.0000	15	1
20	1	0.9856	20.0000	5	1
22	1	0.8607	22.0000	14	1
18	1	0.9916	18.0000	11	1
16	1	1.0736	16.0000	15	1
21	1	1.1680	21.0000	4	1
15	1	1.2396	15.0000	3	1
31	1	0.8976	31.0000	5	1
35	1	1.0488	35.0000	16	1
31	1	1.0347	31.0000	16	1
22	1	0.9889	22.0000	14	1
16	1	0.9646	16.0000	12	1
22	1	1.0096	22.0000	13	1
26	1	0.9797	26.0000	14	1
18	1	0.7508	18.0000	14	1
23	1	0.9503	23.0000	3	1
22	1	1.0692	22.0000	14	1
21	1	1.0468	21.0000	4	1
17	1	0.9388	17.0000	16	1
22	1	0.9304	22.0000	6	1
24	1	0.8989	24.0000	5	1
25	1	0.9204	25.0000	13	1
25	1	0.9096	25.0000	14	1
12	1	0.9435	12.0000	3	1
24	1	1.1229	24.0000	14	1
21	1	0.9420	21.0000	15	1
32	1	0.8781	32.0000	17	1
24	1	1.0805	24.0000	12	1
27	1	0.7888	27.0000	5	1
26	1	0.8262	26.0000	5	1
25	1	1.0975	25.0000	14	1
25	1	1.0657	25.0000	3	1
34	1	1.1574	34.0000	3	1
15	1	1.0301	15.0000	5	1
28	1	1.0603	28.0000	7	1
23	1	1.1524	23.0000	7	1
34	2	1.1378	17.0000	3	1
20	1	0.9390	20.0000	14	1
25	1	1.2123	25.0000	15	1
20	1	0.9049	20.0000	14	1
22	1	1.0723	22.0000	14	1
23	1	0.8535	23.0000	6	1
22	1	0.9931	22.0000	15	1
29	1	1.0128	29.0000	14	1
22	1	0.6865	22.0000	7	1
23	1	1.1003	23.0000	6	1
23	4	0.8175	5.7500	7	1
29	1	0.8691	29.0000	14	1
19	1	0.9238	19.0000	8	1
23	1	1.0274	23.0000	5	1
27	1	0.9171	27.0000	14	1
25	1	1.0966	25.0000	13	1
25	1	1.1223	25.0000	4	1
22	1	1.1377	22.0000	4	1
14	1	0.9746	14.0000	16	1
24	1	1.0175	24.0000	16	1
22	1	1.1664	22.0000	14	1
30	1	2.7346	30.0000	3	1
21	1	1.1100	21.0000	4	1
13	1	0.9691	13.0000	4	1
18	1	1.1482	18.0000	5	1
21	1	0.9505	21.0000	14	1
25	1	0.8291	25.0000	14	1
16	1	1.0217	16.0000	5	1
24	1	0.9473	24.0000	5	1
19	1	0.8084	19.0000	14	1
24	1	0.8849	24.0000	14	1
33	1	1.1470	33.0000	5	1
17	1	0.9428	17.0000	14	1
30	1	1.0138	30.0000	5	1
31	1	1.0731	31.0000	7	1
27	1	1.0807	27.0000	14	1
27	1	0.9944	27.0000	5	1
20	1	1.0762	20.0000	15	1
22	1	1.0685	22.0000	16	1
18	1	0.7841	18.0000	4	1
21	1	1.0623	21.0000	4	1
23	1	0.7995	23.0000	5	1
241	1	8.9182	241.0000	0	1
17	1	1.0882	17.0000	12	1
17	1	1.1105	17.0000	3	1
14	1	1.0999	14.0000	14	1
25	1	1.1673	25.0000	10	1
33	1	1.1603	33.0000	14	1
37	1	0.9714	37.0000	15	1
27	1	1.0681	27.0000	4	1
19	1	0.8008	19.0000	14	1
25	1	1.0893	25.0000	15	1
31	1	0.9069	31.0000	14	1
21	1	0.8485	21.0000	5	1
32	1	1.1785	32.0000	4	1
26	3	1.0498	8.6667	4	1
24	1	0.9456	24.0000	11	1
24	1	0.9314	24.0000	14	1
27	1	1.0199	27.0000	18	1
26	1	0.9229	26.0000	5	1
14	1	1.1362	14.0000	14	1
18	1	0.9407	18.0000	5	1
24	1	1.1266	24.0000	4	1
30	1	1.0576	30.0000	14	1
22	1	0.9025	22.0000	12	1
19	1	1.0614	19.0000	14	1
23	1	0.9074	23.0000	5	1
20	1	0.9527	20.0000	14	1
28	1	0.9213	28.0000	3	1
18	1	1.0574	18.0000	5	1
20	1	0.9884	20.0000	19	1
18	1	1.0299	18.0000	17	1
29	1	0.9197	29.0000	4	1
16	1	1.0875	16.0000	5	1
21	1	0.9715	21.0000	6	1
15	1	0.9617	15.0000	4	1
22	1	1.0245	22.0000	14	1
20	1	1.0849	20.0000	6	1
24	1	2.8229	24.0000	1	1
26	1	1.1206	26.0000	15	1
20	1	0.9414	20.0000	9	1
24	1	1.1830	24.0000	5	1
24	1	1.0570	24.0000	8	1
24	1	1.0025	24.0000	15	1
21	2	0.9761	10.5000	13	1
20	1	1.0564	20.0000	6	1
15	1	1.0496	15.0000	15	1
25	1	1.1124	25.0000	4	1
30	1	1.0020	30.0000	5	1
24	1	0.9545	24.0000	5	1
29	1	1.1005	29.0000	14	1
24	1	1.1090	24.0000	4	1
18	1	1.0867	18.0000	14	1
18	1	1.0182	18.0000	6	1
19	1	1.0945	19.0000	7	1
17	1	0.9013	17.0000	5	1
25	1	0.9933	25.0000	18	1
19	1	1.1530	19.0000	14	1
22	1	1.0576	22.0000	16	1
21	1	1.0623	21.0000	5	1
20	1	1.0925	20.0000	5	1
20	1	0.8020	20.0000	15	1
27	1	1.0957	27.0000	5	1
20	1	1.1195	20.0000	14	1
22	1	1.0188	22.0000	8	1
19	1	0.9396	19.0000	14	1
26	1	1.0583	26.0000	5	1
21	1	0.8356	21.0000	5	1
27	1	0.9325	27.0000	4	1
21	1	1.1346	21.0000	14	1
27	1	1.0985	27.0000	4	1
20	1	0.8213	20.0000	14	1
22	1	0.6128	22.0000	14	1
32	1	1.1296	32.0000	4	1
18	1	1.0431	18.0000	12	1
23	1	1.0496	23.0000	14	1
17	1	1.0063	17.0000	7	1
18	1	0.9435	18.0000	15	1
18	1	1.1587	18.0000	7	1
19	1	1.1238	19.0000	11	1
25	1	0.9487	25.0000	15	1
27	1	0.8686	27.0000	14	1
24	1	1.0583	24.0000	14	1
14	1	1.0130	14.0000	3	1
32	1	0.9485	32.0000	5	1
21	1	1.0244	21.0000	5	1
15	1	0.9610	15.0000	16	1
28	1	0.8811	28.0000	14	1
26	1	0.9725	26.0000	5	1
19	1	0.9373	19.0000	16	1
14	1	0.8421	14.0000	15	1
27	1	0.7738	27.0000	14	1
23	1	0.8234	23.0000	13	1
29	1	1.0255	29.0000	15	1
14	1	0.8492	14.0000	6	1
18	1	1.2214	18.0000	4	1
19	1	0.9420	19.0000	17	1
23	1	1.1627	23.0000	4	1
25	1	0.8895	25.0000	14	1
18	1	1.0846	18.0000	5	1
23	1	1.0229	23.0000	15	1
141	1	4.1114	141.0000	0	1
16	1	1.0793	16.0000	11	1
20	1	1.1432	20.0000	14	1
16	1	1.0301	16.0000	4	1
23	1	1.0500	23.0000	5	1
23	1	1.2119	23.0000	4	1
23	1	0.9607	23.0000	15	1
19	1	1.0228	19.0000	6	1
32	1	0.9928	32.0000	15	1
28	1	0.9495	28.0000	14	1
23	1	1.0317	23.0000	14	1
22	1	0.9869	22.0000	4	1
22	1	0.8865	22.0000	14	1
16	1	0.8611	16.0000	15	1
16	1	1.1075	16.0000	6	1
21	1	0.9435	21.0000	14	1
31	1	1.0863	31.0000	16	1
26	1	0.8881	26.0000	14	1
24	1	0.9217	24.0000	15	1
25	1	1.0072	25.0000	6	1
22	1	0.9477	22.0000	14	1
25	1	1.1921	25.0000	6	1
22	1	1.2128	22.0000	14	1
36	1	1.0220	36.0000	11	1
22	1	1.0859	22.0000	6	1
23	1	1.0177	23.0000	14	1
20	1	0.9745	20.0000	6	1
13	1	1.0702	13.0000	3	1
26	1	1.0341	26.0000	5	1
23	1	1.0489	23.0000	5	1
26	2	1.0600	13.0000	4	1
16	1	1.1235	16.0000	14	1
15	1	0.9990	15.0000	4	1
23	2	0.9863	11.5000	15	1
202	1	8.8059	202.0000	0	1
25	1	1.1064	25.0000	15	1
22	1	1.0430	22.0000	12	1
19	1	1.0797	19.0000	12	1
24	1	1.1554	24.0000	3	1
21	1	1.0966	21.0000	6	1
32	1	0.8548	32.0000	7	1
20	1	1.0200	20.0000	14	1
27	1	1.0052	27.0000	15	1
28	1	0.8682	28.0000	16	1
19	1	0.9259	19.0000	6	1
28	1	1.1077	28.0000	6	1
15	1	1.2637	15.0000	16	1
22	1	0.9882	22.0000	4	1
19	1	1.0323	19.0000	14	1
20	1	1.0050	20.0000	5	1
24	1	0.7773	24.0000	14	1
30	1	1.0027	30.0000	14	1
24	1	1.0420	24.0000	3	1
9	1	0.9059	9.0000	14	1
30	1	0.8460	30.0000	6	1
24	1	1.0549	24.0000	14	1
28	1	0.9497	28.0000	14	1
22	2	0.8345	11.0000	5	1
19	2	0.8713	9.5000	3	1
23	1	0.9738	23.0000	15	1
22	1	1.1076	22.0000	4	1
19	1	0.8222	19.0000	14	1
16	1	1.0529	16.0000	6	1
19	1	1.0663	19.0000	15	1
18	1	1.1371	18.0000	5	1
22	1	1.0043	22.0000	14	1
25	1	0.9587	25.0000	4	1
22	1	1.0915	22.0000	6	1
29	1	0.9089	29.0000	14	1
27	1	0.8981	27.0000	6	1
18	1	0.9423	18.0000	16	1
23	1	0.9661	23.0000	5	1
19	1	1.1141	19.0000	11	1
22	1	0.9677	22.0000	14	1
21	1	0.6730	21.0000	14	1
21	1	1.0725	21.0000	9	1
19	1	0.8383	19.0000	6	1
29	1	1.3049	29.0000	6	1
27	1	0.9421	27.0000	14	1
24	1	1.0625	24.0000	5	1
25	1	0.7933	25.0000	7	1
15	1	1.1549	15.0000	15	1
19	1	0.9330	19.0000	9	1
34	1	1.0786	34.0000	16	1
21	1	0.9425	21.0000	8	1
19	1	0.8610	19.0000	15	1
20	1	0.8833	20.0000	14	1
21	2	0.9728	10.5000	5	1
26	2	0.9141	13.0000	14	1
25	1	0.8922	25.0000	7	1
20	1	1.1929	20.0000	4	1
27	1	1.1841	27.0000	4	1
20	1	0.9736	20.0000	3	1
21	1	1.0845	21.0000	8	1
14	1	0.9945	14.0000	13	1
11	1	0.5961	11.0000	20	1
24	1	0.8064	24.0000	6	1
24	1	1.4154	24.0000	5	1
27	1	0.9723	27.0000	4	1
29	1	0.9239	29.0000	15	1
30	1	1.1364	30.0000	4	1
26	2	1.1238	13.0000	14	1
19	1	0.9249	19.0000	5	1
21	1	0.8306	21.0000	4	1
25	1	0.8913	25.0000	6	1
15	1	0.9151	15.0000	14	1
29	1	0.8640	29.0000	14	1
15	1	0.8505	15.0000	5	1
26	1	1.0293	26.0000	11	1
20	1	0.9394	20.0000	14	1
20	1	0.9708	20.0000	5	1
37	1	0.9335	37.0000	14	1
28	1	0.8138	28.0000	15	1
22	1	0.7517	22.0000	14	1
22	1	1.0587	22.0000	16	1
22	1	0.9879	22.0000	6	1
24	1	0.8953	24.0000	15	1
26	1	1.0306	26.0000	14	1
15	1	1.0240	15.0000	4	1
22	1	0.7630	22.0000	5	1
23	1	0.8996	23.0000	5	1
24	1	1.0364	24.0000	13	1
18	1	0.8129	18.0000	5	1
25	1	0.9068	25.0000	6	1
24	1	0.9419	24.0000	8	1
20	1	0.8991	20.0000	5	1
15	1	1.0440	15.0000	5	1
25	1	1.0921	25.0000	4	1
29	1	0.8313	29.0000	4	1
25	1	0.9236	25.0000	14	1
26	1	1.0147	26.0000	16	1
19	1	0.8868	19.0000	15	1
18	1	0.9206	18.0000	11	1
20	1	1.5542	20.0000	14	1
27	1	0.9701	27.0000	14	1
18	1	1.0682	18.0000	5	1
20	1	1.0703	20.0000	5	1
22	1	1.0359	22.0000	14	1
26	1	1.2201	26.0000	11	1
32	1	1.0542	32.0000	4	1
31	1	1.0058	31.0000	4	1
30	1	0.9826	30.0000	17	1
22	1	1.1010	22.0000	4	1
15	1	0.8156	15.0000	14	1
18	3	0.9761	6.0000	4	1
17	1	0.8788	17.0000	14	1
23	1	1.0558	23.0000	4	1
30	1	0.9106	30.0000	14	1
24	1	1.0408	24.0000	7	1
25	1	0.8701	25.0000	5	1
23	1	0.7928	23.0000	6	1
18	1	0.9249	18.0000	14	1
23	1	0.9608	23.0000	14	1
23	1	1.2590	23.0000	13	1
31	1	0.8944	31.0000	14	1
24	1	0.8875	24.0000	7	1
27	1	0.8463	27.0000	7	1
25	1	1.0056	25.0000	16	1
28	1	1.1038	28.0000	17	1
20	1	0.9829	20.0000	3	1
15	1	1.0087	15.0000	13	1
20	1	1.0442	20.0000	14	1
31	1	1.0873	31.0000	3	1
16	1	1.1340	16.0000	6	1
31	1	1.0685	31.0000	14	1
23	1	1.2256	23.0000	4	1
22	1	0.9381	22.0000	15	1
30	1	1.0691	30.0000	15	1
23	1	1.0609	23.0000	4	1
28	1	1.1396	28.0000	3	1
38	1	0.9155	38.0000	4	1
27	1	0.9841	27.0000	6	1
22	1	0.9991	22.0000	6	1
28	1	1.0349	28.0000	4	1
30	1	0.9151	30.0000	5	1
18	1	1.0460	18.0000	14	1
20	1	1.2082	20.0000	5	1
18	1	1.1618	18.0000	14	1
20	1	1.1488	20.0000	8	1
21	1	0.9725	21.0000	3	1
18	1	1.0052	18.0000	16	1
20	1	1.0664	20.0000	14	1
22	1	1.0495	22.0000	14	1
14	1	0.9501	14.0000	5	1
35	1	1.0152	35.0000	7	1
21	1	0.9854	21.0000	14	1
26	1	1.0573	26.0000	4	1
19	1	1.0238	19.0000	10	1
18	5	6.5458	3.6000	3	1
28	1	1.0987	28.0000	12	1
18	1	1.0687	18.0000	14	1
25	1	0.8647	25.0000	6	1
26	1	0.9508	26.0000	6	1
19	1	0.9843	19.0000	5	1
20	1	0.9827	20.0000	15	1
20	1	0.9112	20.0000	4	1
24	1	0.8108	24.0000	5	1
27	1	0.9898	27.0000	3	1
19	1	1.0228	19.0000	18	1
15	1	0.9587	15.0000	14	1
30	1	0.9079	30.0000	15	1
24	1	0.8826	24.0000	6	1
25	1	0.8002	25.0000	17	1
19	1	1.0339	19.0000	5	1
27	1	1.0578	27.0000	12	1
23	1	0.9936	23.0000	4	1
23	1	0.8053	23.0000	4	1
30	1	1.2798	30.0000	4	1
17	1	0.9754	17.0000	15	1
28	1	0.9618	28.0000	14	1
30	1	1.0328	30.0000	5	1
34	1	1.0158	34.0000	5	1
21	1	1.1129	21.0000	4	1
20	1	0.8433	20.0000	5	1
19	1	1.0642	19.0000	14	1
26	1	1.0629	26.0000	4	1
23	1	1.0318	23.0000	15	1
23	1	1.0033	23.0000	17	1
32	1	0.9681	32.0000	5	1
24	1	0.9907	24.0000	16	1
20	1	0.9505	20.0000	14	1
12	1	1.0343	12.0000	5	1
27	1	1.1036	27.0000	6	1
34	1	1.0813	34.0000	14	1
22	1	1.2332	22.0000	5	1
29	1	1.0404	29.0000	14	1
24	1	0.9617	24.0000	15	1
25	1	0.8626	25.0000	15	1
15	1	1.1560	15.0000	5	1
21	1	1.1323	21.0000	14	1
21	1	0.9961	21.0000	14	1
28	1	1.1250	28.0000	4	1
28	1	1.1058	28.0000	16	1
24	1	1.1557	24.0000	3	1
22	1	1.0584	22.0000	4	1
16	1	0.9927	16.0000	15	1
20	1	0.9147	20.0000	16	1
27	1	1.0870	27.0000	14	1
24	1	1.1390	24.0000	15	1
31	1	1.0239	31.0000	11	1
21	1	0.9480	21.0000	10	1
26	1	0.6306	26.0000	14	1
42	1	1.0350	42.0000	14	1
24	1	0.9470	24.0000	4	1
26	1	0.9479	26.0000	14	1
22	1	1.0595	22.0000	14	1
22	1	0.9526	22.0000	5	1
20	1	1.1183	20.0000	14	1
22	1	0.9368	22.0000	3	1
10	1	1.1195	10.0000	10	1
32	1	1.0516	32.0000	14	1
17	1	1.0250	17.0000	14	1
19	1	1.0234	19.0000	14	1
29	1	1.0369	29.0000	14	1
32	1	0.8799	32.0000	5	1
23	1	0.9166	23.0000	15	1
22	1	1.1023	22.0000	14	1
23	1	0.7554	23.0000	15	1
25	1	0.8935	25.0000	16	1
21	1	0.8441	21.0000	14	1
22	1	0.7964	22.0000	14	1
24	1	1.2369	24.0000	12	1
24	1	1.0647	24.0000	15	1
29	1	0.9879	29.0000	14	1
22	1	0.9690	22.0000	4	1
31	1	0.9376	31.0000	5	1
27	1	0.9160	27.0000	8	1
27	1	1.0064	27.0000	14	1
14	1	0.9542	14.0000	4	1
23	1	0.9689	23.0000	4	1
26	1	1.1380	26.0000	4	1
28	1	1.0020	28.0000	13	1
28	1	0.9548	28.0000	4	1
22	1	1.0008	22.0000	5	1
26	1	1.1419	26.0000	11	1
33	1	1.0755	33.0000	4	1
19	1	0.9826	19.0000	14	1
21	1	0.9076	21.0000	15	1
32	1	0.9508	32.0000	14	1
28	1	1.0448	28.0000	14	1
24	1	1.1499	24.0000	3	1
18	1	1.0292	18.0000	16	1
30	1	1.1332	30.0000	5	1
20	1	0.9014	20.0000	15	1
26	1	1.0114	26.0000	14	1
22	1	1.2139	22.0000	4	1
27	1	0.9895	27.0000	6	1
26	1	1.0222	26.0000	3	1
17	1	1.1290	17.0000	14	1
25	1	0.9531	25.0000	14	1
21	1	0.7789	21.0000	8	1
25	1	1.0355	25.0000	14	1
21	1	1.1591	21.0000	4	1
17	1	1.0296	17.0000	14	1
23	1	0.9374	23.0000	17	1
22	1	0.9661	22.0000	5	1
154	1	5.5357	154.0000	8	1
24	1	0.8839	24.0000	14	1
26	1	0.8091	26.0000	14	1
33	1	0.9561	33.0000	14	1
26	1	1.0857	26.0000	7	1
21	1	1.0829	21.0000	6	1
25	1	1.0368	25.0000	5	1
26	1	1.1712	26.0000	15	1
28	1	1.0487	28.0000	15	1
24	1	0.9702	24.0000	15	1
27	1	1.1056	27.0000	14	1
16	1	0.9505	16.0000	6	1
23	1	1.0944	23.0000	14	1
27	1	1.2531	27.0000	14	1
22	1	0.9829	22.0000	16	1
31	1	0.8484	31.0000	5	1
33	1	1.0014	33.0000	4	1
27	1	0.9413	27.0000	5	1
29	1	0.9604	29.0000	15	1
21	1	1.1900	21.0000	14	1
25	1	1.0399	25.0000	5	1
22	1	0.9221	22.0000	15	1
15	1	1.0046	15.0000	16	1
21	1	1.0680	21.0000	14	1
12	1	0.9947	12.0000	14	1
25	1	1.0627	25.0000	14	1
24	1	1.0414	24.0000	14	1
29	1	0.9742	29.0000	6	1
27	1	1.1065	27.0000	16	1
23	1	0.7921	23.0000	15	1
17	1	0.7956	17.0000	6	1
24	1	1.1000	24.0000	14	1
30	1	0.7824	30.0000	21	1
23	1	1.0323	23.0000	4	1
26	1	1.0508	26.0000	16	1
17	1	0.8926	17.0000	15	1
29	1	0.9398	29.0000	11	1
20	1	1.0819	20.0000	16	1
23	1	0.8952	23.0000	14	1
17	1	0.9387	17.0000	11	1
30	1	1.1409	30.0000	4	1
25	1	0.8953	25.0000	5	1
27	1	1.1004	27.0000	6	1
15	1	0.9636	15.0000	15	1
22	1	0.8551	22.0000	14	1
47	1	3.0252	47.0000	0	1
18	1	0.9735	18.0000	3	1
29	1	1.1156	29.0000	14	1
28	1	0.9517	28.0000	6	1
14	1	0.9456	14.0000	6	1
17	1	1.0589	17.0000	15	1
21	1	0.9236	21.0000	14	1
21	1	1.0956	21.0000	3	1
20	1	0.8195	20.0000	4	1
32	2	1.0903	16.0000	14	1
19	1	0.9076	19.0000	16	1
26	1	0.9194	26.0000	8	1
17	1	1.0054	17.0000	4	1
31	1	0.9958	31.0000	16	1
28	1	0.8945	28.0000	15	1
15	1	1.0675	15.0000	8	1
32	1	0.9465	32.0000	4	1
24	1	1.0512	24.0000	15	1
26	1	1.1061	26.0000	17	1
29	1	0.7560	29.0000	15	1
26	1	1.1055	26.0000	5	1
24	1	0.8674	24.0000	8	1
17	1	1.1762	17.0000	3	1
30	1	1.0256	30.0000	3	1
32	1	0.9651	32.0000	6	1
22	1	0.9422	22.0000	16	1
25	1	0.7107	25.0000	16	1
12	1	1.0587	12.0000	16	1
17	1	0.6942	17.0000	19	1
30	1	0.9885	30.0000	4	1
26	1	0.9948	26.0000	14	1
22	1	0.8731	22.0000	15	1
24	1	0.9712	24.0000	14	1
15	2	1.0725	7.5000	6	1
31	1	0.9438	31.0000	14	1
27	1	1.0511	27.0000	14	1
28	1	1.0715	28.0000	14	1
22	1	0.9951	22.0000	14	1
31	1	1.0762	31.0000	5	1
25	1	0.9427	25.0000	4	1
25	1	1.0442	25.0000	14	1
21	1	0.4722	21.0000	14	1
17	1	0.9832	17.0000	11	1
25	3	0.9070	8.3333	5	1
20	2	1.0048	10.0000	16	1
25	1	0.9267	25.0000	14	1
18	1	1.0500	18.0000	14	1
27	1	1.1473	27.0000	5	1
25	1	1.0166	25.0000	5	1
25	1	1.0009	25.0000	5	1
24	1	1.0206	24.0000	13	1
16	1	1.1121	16.0000	4	1
18	1	1.1215	18.0000	6	1
31	1	1.0608	31.0000	14	1
17	1	0.9839	17.0000	14	1
17	1	0.9760	17.0000	14	1
26	1	1.0271	26.0000	15	1
20	1	1.0066	20.0000	5	1
23	1	0.8826	23.0000	14	1
29	1	0.9562	29.0000	6	1
24	1	0.9296	24.0000	6	1
17	1	1.0542	17.0000	3	1
14	1	0.9837	14.0000	14	1
21	1	0.9176	21.0000	14	1
27	1	1.2718	27.0000	4	1
24	1	0.9088	24.0000	5	1
16	1	1.1372	16.0000	4	1
17	1	1.0800	17.0000	14	1
21	3	1.0492	7.0000	15	1
28	1	0.8943	28.0000	16	1
15	1	0.4123	15.0000	67	1
22	1	0.6974	22.0000	5	1
16	1	0.7496	16.0000	15	1
21	1	0.9415	21.0000	15	1
17	1	0.9849	17.0000	15	1
19	1	0.9795	19.0000	4	1
18	1	1.1910	18.0000	14	1
18	1	0.9107	18.0000	15	1
17	1	1.0129	17.0000	14	1
18	1	0.9803	18.0000	5	1
20	1	1.1783	20.0000	4	1
19	1	0.8622	19.0000	14	1
21	1	0.9115	21.0000	14	1
24	1	0.9711	24.0000	6	1
20	1	0.9052	20.0000	17	1
20	1	0.9457	20.0000	15	1
15	1	1.0101	15.0000	15	1
22	1	6.3306	22.0000	1	1
20	1	1.0618	20.0000	4	1
20	1	1.0202	20.0000	23	1
26	1	0.8549	26.0000	5	1
18	1	1.0009	18.0000	6	1
26	1	0.8959	26.0000	14	1
26	1	1.1245	26.0000	5	1
35	2	2.0884	17.5000	13	1
20	1	0.9096	20.0000	18	1
24	13	0.8717	1.8462	4	1
28	1	1.0030	28.0000	13	1
29	1	1.0357	29.0000	14	1
35	1	1.0664	35.0000	3	1
24	1	1.0621	24.0000	14	1
27	1	1.0971	27.0000	10	1
22	1	1.0646	22.0000	13	1
22	1	1.0451	22.0000	15	1
21	1	1.0294	21.0000	5	1
22	1	1.0327	22.0000	4	1
14	1	0.9947	14.0000	11	1
21	1	1.2016	21.0000	14	1
25	1	0.9668	25.0000	15	1
22	1	1.0138	22.0000	7	1
24	1	0.9493	24.0000	15	1
23	2	0.9872	11.5000	4	1
17	1	0.9156	17.0000	3	1
21	1	0.9797	21.0000	3	1
17	1	0.8435	17.0000	7	1
25	1	1.0528	25.0000	11	1
20	1	0.9047	20.0000	16	1
32	1	0.9445	32.0000	4	1
20	1	0.9076	20.0000	14	1
28	1	0.9395	28.0000	15	1
23	1	1.1073	23.0000	5	1
20	1	0.9630	20.0000	14	1
23	1	0.9417	23.0000	4	1
26	1	1.0150	26.0000	14	1
18	1	0.9117	18.0000	4	1
23	1	0.9719	23.0000	4	1
22	1	1.0207	22.0000	7	1
29	1	0.9006	29.0000	16	1
19	1	0.8847	19.0000	4	1
32	1	0.9835	32.0000	8	1
20	1	1.0232	20.0000	14	1
24	1	1.1643	24.0000	14	1
27	1	1.1238	27.0000	5	1
25	1	0.8773	25.0000	14	1
21	1	1.0412	21.0000	4	1
16	1	0.9147	16.0000	14	1
38	1	1.9559	38.0000	12	1
25	1	1.0064	25.0000	6	1
20	1	0.8842	20.0000	5	1
30	1	1.1373	30.0000	5	1
31	1	0.9151	31.0000	12	1
22	1	0.9845	22.0000	6	1
17	1	0.8555	17.0000	14	1
19	1	1.0372	19.0000	4	1
17	1	1.1052	17.0000	12	1
26	1	0.9581	26.0000	14	1
33	1	0.9129	33.0000	15	1
26	1	0.7635	26.0000	16	1
20	1	1.1707	20.0000	6	1
16	1	0.9290	16.0000	14	1
19	1	0.9274	19.0000	14	1
17	1	0.9710	17.0000	15	1
15	1	1.1031	15.0000	15	1
19	1	1.1738	19.0000	14	1
25	1	0.8573	25.0000	5	1
22	1	0.8086	22.0000	5	1
22	1	1.1085	22.0000	4	1
16	1	0.8144	16.0000	14	1
25	1	1.1368	25.0000	14	1
24	1	0.9707	24.0000	14	1
13	1	1.1583	13.0000	5	1
40	2	2.6550	20.0000	14	1
34	1	1.0715	34.0000	14	1
17	1	1.1828	17.0000	4	1
21	1	1.0672	21.0000	7	1
25	1	0.9989	25.0000	15	1
7	1	1.2725	7.0000	4	1
21	1	1.1169	21.0000	14	1
24	1	0.8846	24.0000	7	1
24	1	1.0122	24.0000	14	1
29	1	1.6747	29.0000	6	1
20	1	1.0176	20.0000	15	1
28	1	1.0719	28.0000	14	1
31	1	1.1468	31.0000	4	1
26	1	0.9066	26.0000	14	1
18	1	1.0091	18.0000	14	1
26	1	0.9401	26.0000	15	1
49	1	6.4077	49.0000	13	1
19	1	1.0034	19.0000	10	1
20	1	1.1117	20.0000	3	1
29	1	0.8615	29.0000	14	1
11	1	0.9594	11.0000	14	1
20	1	1.0339	20.0000	4	1
22	1	0.9642	22.0000	18	1
19	1	0.8663	19.0000	4	1
25	1	1.0187	25.0000	4	1
32	1	0.9918	32.0000	15	1
22	1	0.9847	22.0000	16	1
27	1	0.9993	27.0000	13	1
22	1	1.0536	22.0000	5	1
15	1	0.8780	15.0000	4	1
25	1	1.1617	25.0000	4	1
23	1	1.0125	23.0000	16	1
19	1	1.1794	19.0000	14	1
14	1	1.0555	14.0000	15	1
28	1	0.9406	28.0000	9	1
28	1	0.9976	28.0000	7	1
21	1	0.9203	21.0000	4	1
21	1	1.1414	21.0000	4	1
19	1	0.9928	19.0000	5	1
18	1	1.0149	18.0000	14	1
26	1	0.9478	26.0000	5	1
24	1	0.9327	24.0000	6	1
27	1	1.0631	27.0000	16	1
17	1	1.1207	17.0000	14	1
24	1	0.8582	24.0000	7	1
28	1	1.0207	28.0000	7	1
25	1	1.0000	25.0000	14	1
16	1	1.0493	16.0000	18	1
24	1	0.7949	24.0000	16	1
22	1	0.9920	22.0000	5	1
24	1	1.0565	24.0000	5	1
32	1	0.8240	32.0000	7	1
27	1	1.0527	27.0000	4	1
26	1	0.8608	26.0000	15	1
27	1	0.9158	27.0000	14	1
21	1	0.9842	21.0000	5	1
27	1	0.9550	27.0000	4	1
31	1	0.9780	31.0000	14	1
16	1	0.7888	16.0000	14	1
25	1	0.9488	25.0000	4	1
32	1	1.0952	32.0000	14	1
23	1	1.1786	23.0000	15	1
16	1	1.1441	16.0000	14	1
24	1	1.0517	24.0000	4	1
23	1	0.9278	23.0000	9	1
19	1	1.3079	19.0000	4	1
23	1	1.0036	23.0000	15	1
27	1	1.0734	27.0000	4	1
22	1	1.0875	22.0000	15	1
21	1	0.8446	21.0000	7	1
28	1	1.1748	28.0000	4	1
23	1	0.9811	23.0000	15	1
32	1	0.8219	32.0000	14	1
21	1	0.9201	21.0000	4	1
36	1	0.9329	36.0000	14	1
23	1	0.9856	23.0000	5	1
22	1	0.9601	22.0000	6	1
13	1	0.9481	13.0000	6	1
23	1	0.9810	23.0000	8	1
27	1	1.1041	27.0000	14	1
27	1	1.0309	27.0000	14	1
15	1	1.0059	15.0000	15	1
25	1	1.0417	25.0000	5	1
27	1	0.9173	27.0000	14	1
19	1	0.8340	19.0000	14	1
14	1	1.1060	14.0000	4	1
29	1	1.0484	29.0000	16	1
22	1	0.8717	22.0000	16	1
15	1	1.0301	15.0000	4	1
23	1	1.0681	23.0000	4	1
28	1	0.8199	28.0000	14	1
20	1	1.1486	20.0000	6	1
22	1	1.1049	22.0000	14	1
26	1	0.9062	26.0000	14	1
19	1	1.0027	19.0000	18	1
14	1	0.8888	14.0000	14	1
19	1	1.1575	19.0000	2	1
20	2	0.8754	10.0000	4	1
21	1	1.0777	21.0000	4	1
36	1	0.9683	36.0000	16	1
22	1	1.0351	22.0000	6	1
25	1	0.9181	25.0000	5	1
23	1	0.9317	23.0000	15	1
27	1	1.1248	27.0000	4	1
26	1	1.3315	26.0000	5	1
26	1	0.9493	26.0000	15	1
24	1	1.0492	24.0000	14	1
18	1	1.1737	18.0000	4	1
18	1	0.9236	18.0000	4	1
28	1	0.9606	28.0000	14	1
31	1	0.9031	31.0000	5	1
23	1	0.9779	23.0000	7	1
18	1	0.9940	18.0000	7	1
22	1	1.0763	22.0000	4	1
32	1	0.8724	32.0000	5	1
15	1	0.9924	15.0000	14	1
31	1	0.9810	31.0000	14	1
25	1	0.9702	25.0000	6	1
18	1	1.0155	18.0000	14	1
27	2	0.7844	13.5000	16	1
22	1	0.9257	22.0000	4	1
12	1	1.5522	12.0000	4	1
22	1	1.1949	22.0000	5	1
30	1	1.0438	30.0000	4	1
25	1	0.8272	25.0000	6	1
22	3	1.0492	7.3333	14	1
134	2	6.4452	67.0000	0	1
23	1	1.0629	23.0000	16	1
31	1	0.8826	31.0000	14	1
39	1	2.9118	39.0000	14	1
24	1	0.8362	24.0000	13	1
27	1	0.9602	27.0000	4	1
30	1	1.1148	30.0000	16	1
27	1	0.9232	27.0000	3	1
24	1	1.0918	24.0000	4	1
138	1	5.9324	138.0000	11	1
20	1	1.0062	20.0000	4	1
30	1	1.1783	30.0000	5	1
22	1	1.0296	22.0000	6	1
18	2	0.9794	9.0000	14	1
29	1	0.7570	29.0000	14	1
23	1	0.9551	23.0000	7	1
21	1	0.8410	21.0000	6	1
49	1	1.8231	49.0000	2	1
26	1	0.9888	26.0000	15	1
25	1	0.9805	25.0000	16	1
23	1	1.0320	23.0000	4	1
22	1	1.1634	22.0000	15	1
20	1	1.0564	20.0000	5	1
25	1	1.2156	25.0000	14	1
19	1	0.8951	19.0000	14	1
19	1	0.9099	19.0000	14	1
22	1	1.1048	22.0000	3	1
26	1	0.9088	26.0000	15	1
29	1	0.9179	29.0000	14	1
32	1	0.8387	32.0000	14	1
26	1	1.0389	26.0000	14	1
14	1	1.0567	14.0000	8	1
21	1	0.8212	21.0000	6	1
29	1	0.9172	29.0000	14	1
15	1	0.8238	15.0000	9	1
25	1	0.9831	25.0000	14	1
27	1	1.0421	27.0000	5	1
24	1	0.8282	24.0000	4	1
21	1	0.9803	21.0000	5	1
30	1	1.0444	30.0000	3	1
23	1	0.9580	23.0000	5	1
24	1	1.0599	24.0000	12	1
22	1	1.0354	22.0000	3	1
28	1	0.9168	28.0000	14	1
16	3	0.9014	5.3333	14	1
29	1	0.8988	29.0000	5	1
32	1	1.0961	32.0000	3	1
34	1	1.0711	34.0000	5	1
31	1	0.9130	31.0000	5	1
20	1	1.1754	20.0000	5	1
16	1	0.8849	16.0000	5	1
14	1	1.0075	14.0000	5	1
31	1	1.0041	31.0000	14	1
20	1	0.9538	20.0000	14	1
33	1	0.9439	33.0000	14	1
27	1	0.9386	27.0000	14	1
20	1	0.8990	20.0000	15	1
16	1	1.0027	16.0000	5	1
27	1	0.8169	27.0000	5	1
27	1	0.9820	27.0000	5	1
30	1	0.8427	30.0000	6	1
22	1	1.0005	22.0000	4	1
30	1	0.8953	30.0000	7	1
23	1	0.8875	23.0000	3	1
23	1	0.9370	23.0000	4	1
31	1	0.9739	31.0000	4	1
20	1	1.1055	20.0000	5	1
25	1	0.9586	25.0000	14	1
20	1	0.9793	20.0000	4	1
15	1	1.0280	15.0000	4	1
34	1	1.0593	34.0000	15	1
21	1	1.2832	21.0000	5	1
22	1	1.0568	22.0000	17	1
18	1	0.9271	18.0000	15	1
28	1	1.0618	28.0000	17	1
22	1	1.0945	22.0000	4	1
25	1	0.9339	25.0000	16	1
20	1	0.9312	20.0000	15	1
18	1	0.9988	18.0000	7	1
16	1	0.9267	16.0000	14	1
15	1	0.9270	15.0000	16	1
25	1	1.0552	25.0000	6	1
22	1	0.9267	22.0000	14	1
29	1	0.9702	29.0000	13	1
19	1	0.9083	19.0000	4	1
13	1	0.9261	13.0000	13	1
16	1	0.9779	16.0000	11	1
16	1	0.9939	16.0000	4	1
23	1	1.0132	23.0000	16	1
23	1	1.0155	23.0000	14	1
15	1	0.6631	15.0000	14	1
16	1	0.9363	16.0000	4	1
16	1	1.3961	16.0000	33	1
15	1	0.8944	15.0000	14	1
31	1	0.7548	31.0000	14	1
24	1	0.9405	24.0000	14	1
23	1	1.0816	23.0000	15	1
33	1	1.1993	33.0000	4	1
16	1	0.8472	16.0000	14	1
19	1	0.8512	19.0000	15	1
153	1	6.5348	153.0000	0	1
18	1	1.0290	18.0000	5	1
23	1	1.0411	23.0000	9	1
20	1	1.1498	20.0000	4	1
23	1	1.0572	23.0000	6	1
16	1	0.8348	16.0000	5	1
17	1	1.2556	17.0000	6	1
16	1	0.9640	16.0000	6	1
27	1	1.1672	27.0000	5	1
27	1	0.8195	27.0000	15	1
26	1	0.9266	26.0000	6	1
20	1	0.9440	20.0000	14	1
21	1	0.9860	21.0000	5	1
24	1	0.9925	24.0000	15	1
13	1	1.0845	13.0000	4	1
21	1	1.0776	21.0000	6	1
12	1	0.9343	12.0000	14	1
23	1	1.0318	23.0000	16	1
24	1	1.2092	24.0000	3	1
24	1	0.9946	24.0000	17	1
29	1	0.9509	29.0000	6	1
34	1	1.0049	34.0000	3	1
10	1	1.2153	10.0000	4	1
24	1	1.1451	24.0000	14	1
14	1	1.1132	14.0000	14	1
19	2	1.0162	9.5000	14	1
27	1	0.8306	27.0000	7	1
22	1	1.0873	22.0000	10	1
26	1	0.9347	26.0000	5	1
25	1	0.9696	25.0000	16	1
25	1	0.9418	25.0000	5	1
23	1	0.9342	23.0000	14	1
15	1	0.8238	15.0000	14	1
18	1	0.9837	18.0000	14	1
15	1	1.0080	15.0000	3	1
24	1	0.9542	24.0000	6	1
32	1	0.8437	32.0000	14	1
19	1	0.9016	19.0000	16	1
23	1	1.0246	23.0000	8	1
28	1	1.0397	28.0000	10	1
31	1	0.9475	31.0000	14	1
32	1	0.9088	32.0000	8	1
27	1	0.9358	27.0000	5	1
16	1	1.1089	16.0000	15	1
16	1	0.9877	16.0000	4	1
26	1	1.1025	26.0000	12	1
22	2	1.0934	11.0000	10	1
27	1	0.9600	27.0000	6	1
23	1	0.9625	23.0000	4	1
23	1	1.1321	23.0000	6	1
13	1	1.0940	13.0000	15	1
34	1	1.2636	34.0000	14	1
27	2	1.2769	13.5000	4	1
33	1	0.9263	33.0000	6	1
25	1	1.1377	25.0000	14	1
26	1	0.8843	26.0000	14	1
21	1	1.0598	21.0000	15	1
19	1	1.0028	19.0000	14	1
22	1	0.9096	22.0000	7	1
24	1	1.1133	24.0000	4	1
20	1	0.8951	20.0000	14	1
16	1	1.0561	16.0000	6	1
20	1	1.5354	20.0000	8	1
25	1	0.9773	25.0000	5	1
16	1	0.9883	16.0000	15	1
18	1	0.9795	18.0000	4	1
44	1	1.4716	44.0000	14	1
27	1	1.0121	27.0000	6	1
21	1	0.8587	21.0000	14	1
30	1	1.0642	30.0000	17	1
20	1	1.0494	20.0000	16	1
21	1	1.0243	21.0000	14	1
24	1	1.0233	24.0000	5	1
24	1	0.8639	24.0000	15	1
37	1	1.2324	37.0000	5	1
26	1	1.0460	26.0000	14	1
21	1	0.9801	21.0000	7	1
18	1	1.2346	18.0000	15	1
34	1	1.1118	34.0000	4	1
14	1	1.0743	14.0000	4	1
24	1	0.8920	24.0000	5	1
29	1	1.1492	29.0000	14	1
21	1	0.7183	21.0000	14	1
18	1	0.8781	18.0000	14	1
17	1	0.9220	17.0000	14	1
38	1	0.9621	38.0000	4	1
12	1	0.9271	12.0000	14	1
20	1	0.9814	20.0000	14	1
34	1	0.9564	34.0000	5	1
22	1	1.0585	22.0000	16	1
26	1	1.0212	26.0000	5	1
28	1	0.9105	28.0000	15	1
27	1	0.8637	27.0000	16	1
18	1	1.1029	18.0000	5	1
26	1	0.9856	26.0000	14	1
18	1	0.9860	18.0000	14	1
27	1	0.9344	27.0000	11	1
23	2	1.0343	11.5000	4	1
23	1	1.2034	23.0000	3	1
24	2	0.9419	12.0000	15	1
22	1	1.1222	22.0000	5	1
20	1	0.9868	20.0000	14	1
19	1	1.2326	19.0000	14	1
13	1	0.9783	13.0000	14	1
32	1	1.1846	32.0000	4	1
19	1	0.9422	19.0000	4	1
21	1	1.0456	21.0000	4	1
25	1	1.1239	25.0000	3	1
20	1	0.9679	20.0000	5	1
30	2	1.0804	15.0000	15	1
23	1	1.0426	23.0000	4	1
23	1	0.9430	23.0000	14	1
18	1	1.2081	18.0000	12	1
30	1	0.9705	30.0000	4	1
19	1	0.8892	19.0000	4	1
13	1	0.8069	13.0000	46	1
18	1	0.9574	18.0000	5	1
22	1	0.9162	22.0000	17	1
22	1	0.9201	22.0000	14	1
25	1	0.8576	25.0000	14	1
32	1	1.0253	32.0000	5	1
22	1	0.9864	22.0000	4	1
25	1	1.0567	25.0000	14	1
24	1	1.0641	24.0000	6	1
16	1	1.0248	16.0000	5	1
22	1	0.9504	22.0000	16	1
25	1	0.9509	25.0000	15	1
22	1	0.9845	22.0000	4	1
16	1	0.8510	16.0000	6	1
30	1	1.0282	30.0000	5	1
26	1	1.0134	26.0000	5	1
20	1	1.0070	20.0000	15	1
23	1	1.0294	23.0000	14	1
31	1	0.9089	31.0000	14	1
22	1	0.9054	22.0000	8	1
24	1	1.1635	24.0000	4	1
24	1	0.9781	24.0000	14	1
20	1	1.0170	20.0000	4	1
28	1	1.0517	28.0000	4	1
23	1	0.9729	23.0000	14	1
17	1	0.8284	17.0000	10	1
27	1	0.9586	27.0000	5	1
22	1	1.0732	22.0000	4	1
19	1	1.0691	19.0000	15	1
21	1	0.9507	21.0000	5	1
19	1	1.0633	19.0000	15	1
21	1	0.9761	21.0000	4	1
32	1	1.0031	32.0000	15	1
22	1	0.7821	22.0000	5	1
23	1	1.1483	23.0000	14	1
28	1	0.9335	28.0000	14	1
27	1	0.8330	27.0000	14	1
18	1	0.9189	18.0000	9	1
27	1	0.9583	27.0000	15	1
23	1	1.0018	23.0000	16	1
26	1	1.0699	26.0000	16	1
19	1	1.0299	19.0000	14	1
24	1	1.0067	24.0000	17	1
26	1	1.2383	26.0000	12	1
13	1	1.2504	13.0000	4	1
31	1	1.0294	31.0000	14	1
26	1	0.7459	26.0000	5	1
25	1	1.1262	25.0000	5	1
23	1	1.0137	23.0000	4	1
24	1	1.0899	24.0000	4	1
32	1	1.1471	32.0000	14	1
29	1	1.0340	29.0000	6	1
26	1	0.9412	26.0000	15	1
22	1	0.8735	22.0000	6	1
28	1	1.1352	28.0000	14	1
32	1	1.0270	32.0000	5	1
20	1	0.9908	20.0000	14	1
13	1	1.0068	13.0000	6	1
27	1	0.8865	27.0000	15	1
25	1	1.2225	25.0000	16	1
26	1	1.2220	26.0000	4	1
18	1	1.1155	18.0000	6	1
23	1	0.9766	23.0000	3	1
18	1	0.8563	18.0000	14	1
25	1	1.0582	25.0000	14	1
25	1	0.9751	25.0000	4	1
27	1	0.9471	27.0000	5	1
13	1	0.9935	13.0000	14	1
30	1	1.0433	30.0000	15	1
19	1	0.6285	19.0000	14	1
20	1	1.0737	20.0000	15	1
24	1	0.7717	24.0000	5	1
31	1	1.0799	31.0000	15	1
29	1	0.9444	29.0000	15	1
25	1	0.9798	25.0000	14	1
24	1	0.9883	24.0000	15	1
20	1	0.8791	20.0000	5	1
17	1	0.9237	17.0000	15	1
30	1	0.7870	30.0000	17	1
28	1	0.9359	28.0000	5	1
28	1	1.0633	28.0000	16	1
24	1	1.0680	24.0000	15	1
15	1	1.1361	15.0000	4	1
26	1	1.0910	26.0000	8	1
29	1	1.0950	29.0000	3	1
24	1	1.1248	24.0000	14	1
21	2	0.9659	10.5000	15	1
23	1	0.9920	23.0000	14	1
24	1	1.0926	24.0000	16	1
27	1	1.0953	27.0000	3	1
23	1	1.1471	23.0000	4	1
23	1	1.0401	23.0000	14	1
12	1	0.9035	12.0000	15	1
24	1	0.6795	24.0000	7	1
20	1	0.8258	20.0000	10	1
16	1	1.2689	16.0000	5	1
23	1	1.1089	23.0000	6	1
24	1	1.1852	24.0000	3	1
26	1	0.9158	26.0000	14	1
23	1	1.0645	23.0000	15	1
24	1	1.0900	24.0000	4	1
28	1	0.9052	28.0000	5	1
19	1	1.1264	19.0000	6	1
28	1	1.0494	28.0000	14	1
23	1	1.1100	23.0000	5	1
20	1	1.1755	20.0000	7	1
26	1	0.8817	26.0000	5	1
26	1	0.8435	26.0000	15	1
15	1	0.9225	15.0000	16	1
26	1	1.0204	26.0000	4	1
25	1	1.1921	25.0000	3	1
20	1	0.8057	20.0000	15	1
29	1	0.9904	29.0000	16	1
19	1	0.9170	19.0000	7	1
17	1	1.1812	17.0000	3	1
18	1	0.9617	18.0000	15	1
19	1	0.9057	19.0000	14	1
20	1	1.1366	20.0000	5	1
16	1	1.1006	16.0000	6	1
30	1	0.9953	30.0000	14	1
26	1	0.9675	26.0000	4	1
24	1	0.9697	24.0000	4	1
20	1	1.0290	20.0000	14	1
22	1	0.8924	22.0000	15	1
30	1	1.0810	30.0000	14	1
28	1	1.1285	28.0000	5	1
18	1	0.8770	18.0000	14	1
14	1	1.0775	14.0000	6	1
21	1	1.0799	21.0000	4	1
20	1	0.9605	20.0000	5	1
19	3	0.9737	6.3333	15	1
26	1	0.8905	26.0000	14	1
26	2	1.1169	13.0000	14	1
24	1	1.1053	24.0000	15	1
30	1	0.9606	30.0000	15	1
27	1	0.8659	27.0000	11	1
22	1	0.7814	22.0000	14	1
16	1	1.0678	16.0000	17	1
31	1	0.9780	31.0000	11	1
19	1	0.8717	19.0000	15	1
25	1	1.0604	25.0000	4	1
18	1	1.2893	18.0000	14	1
20	1	0.8738	20.0000	14	1
25	1	0.8303	25.0000	16	1
26	1	1.2154	26.0000	14	1
23	1	0.9365	23.0000	15	1
21	1	1.2461	21.0000	4	1
27	1	0.9262	27.0000	14	1
28	1	0.9819	28.0000	5	1
23	1	0.9883	23.0000	5	1
24	1	1.0732	24.0000	14	1
24	1	1.0463	24.0000	15	1
21	1	0.9416	21.0000	15	1
12	1	1.0405	12.0000	14	1
21	1	0.8820	21.0000	14	1
20	1	1.0613	20.0000	5	1
16	1	0.9840	16.0000	3	1
21	1	0.8930	21.0000	19	1
18	2	1.0229	9.0000	11	1
25	1	0.8734	25.0000	5	1
22	1	0.9178	22.0000	17	1
24	2	0.8983	12.0000	4	1
31	1	1.0362	31.0000	14	1
28	1	1.0864	28.0000	14	1
27	1	1.1040	27.0000	14	1
20	1	1.2057	20.0000	4	1
26	1	1.1019	26.0000	14	1
24	1	0.8788	24.0000	4	1
29	1	0.9658	29.0000	14	1
28	1	0.8912	28.0000	4	1
28	1	1.0205	28.0000	7	1
22	1	0.9735	22.0000	14	1
25	1	0.9973	25.0000	7	1
28	1	0.9752	28.0000	6	1
13	1	0.8035	13.0000	16	1
128	1	6.0473	128.0000	0	1
13	1	0.9530	13.0000	5	1
25	2	0.8736	12.5000	5	1
23	1	0.9291	23.0000	4	1
22	1	0.9929	22.0000	5	1
20	1	1.1031	20.0000	15	1
21	1	1.2156	21.0000	3	1
25	1	0.9979	25.0000	14	1
18	1	0.9501	18.0000	14	1
23	1	1.0633	23.0000	15	1
24	1	0.8792	24.0000	7	1
22	1	1.0899	22.0000	14	1
21	1	0.9290	21.0000	5	1
21	1	1.0932	21.0000	14	1
25	1	1.0910	25.0000	4	1
25	1	0.9866	25.0000	14	1
32	1	1.1754	32.0000	5	1
22	1	0.9163	22.0000	17	1
20	1	1.2364	20.0000	3	1
26	1	0.7706	26.0000	7	1
21	1	1.1562	21.0000	4	1
23	1	1.0842	23.0000	4	1
25	1	1.0325	25.0000	4	1
20	1	0.9156	20.0000	14	1
21	1	1.1236	21.0000	15	1
25	1	0.8716	25.0000	5	1
17	1	1.0680	17.0000	5	1
19	1	0.9996	19.0000	6	1
25	1	0.9593	25.0000	11	1
25	1	1.0849	25.0000	14	1
18	1	0.8738	18.0000	14	1
22	1	1.0321	22.0000	14	1
22	1	1.0926	22.0000	3	1
21	1	0.9793	21.0000	6	1
26	1	0.9556	26.0000	5	1
20	1	1.0163	20.0000	6	1
25	1	0.9764	25.0000	6	1
31	1	1.1715	31.0000	4	1
18	1	1.0905	18.0000	6	1
30	1	0.8370	30.0000	7	1
29	1	1.0813	29.0000	5	1
29	1	0.9190	29.0000	13	1
20	1	0.6950	20.0000	15	1
22	1	0.8410	22.0000	15	1
24	1	0.9688	24.0000	5	1
25	1	1.0321	25.0000	4	1
31	1	0.9579	31.0000	4	1
20	1	1.1269	20.0000	13	1
21	1	1.0682	21.0000	3	1
22	1	0.9154	22.0000	12	1
23	1	1.0653	23.0000	14	1
27	1	0.8567	27.0000	8	1
26	1	1.0192	26.0000	14	1
21	1	1.1509	21.0000	14	1
22	1	1.0249	22.0000	12	1
21	1	0.9006	21.0000	9	1
28	1	0.8794	28.0000	5	1
29	1	1.1313	29.0000	9	1
23	1	0.8596	23.0000	5	1
17	1	1.0003	17.0000	5	1
32	1	0.9124	32.0000	8	1
28	1	0.9442	28.0000	7	1
32	1	1.0541	32.0000	14	1
30	1	0.8536	30.0000	10	1
23	1	0.8425	23.0000	6	1
22	1	1.0691	22.0000	5	1
22	1	0.9045	22.0000	6	1
23	1	0.9416	23.0000	6	1
29	1	0.9112	29.0000	14	1
24	1	1.0096	24.0000	14	1
30	1	0.9692	30.0000	3	1
24	1	0.8266	24.0000	19	1
19	1	1.0824	19.0000	16	1
26	1	1.1445	26.0000	5	1
20	1	0.9532	20.0000	14	1
25	1	1.0697	25.0000	6	1
23	1	0.7205	23.0000	14	1
24	1	1.0194	24.0000	17	1
19	1	1.0820	19.0000	16	1
89	1	2.8841	89.0000	1	1
17	1	0.9051	17.0000	6	1
29	1	1.1706	29.0000	14	1
24	4	0.8930	6.0000	4	1
24	1	1.0079	24.0000	4	1
25	1	1.0671	25.0000	6	1
18	1	1.2101	18.0000	5	1
24	1	0.9836	24.0000	19	1
22	1	0.9862	22.0000	4	1
23	1	0.9170	23.0000	15	1
18	1	1.1809	18.0000	17	1
19	1	1.0048	19.0000	14	1
24	1	0.9641	24.0000	17	1
24	1	0.9724	24.0000	5	1
31	1	0.9717	31.0000	14	1
29	1	1.1072	29.0000	4	1
7	1	1.2822	7.0000	4	1
18	1	0.9201	18.0000	4	1
17	1	0.8302	17.0000	14	1
21	1	0.9531	21.0000	6	1
23	1	1.0655	23.0000	14	1
25	1	1.0833	25.0000	7	1
26	1	1.0385	26.0000	9	1
35	1	0.9085	35.0000	13	1
23	1	0.9614	23.0000	14	1
24	1	1.0428	24.0000	5	1
26	1	0.9662	26.0000	18	1
25	1	1.0916	25.0000	14	1
31	1	1.1056	31.0000	14	1
21	1	1.0652	21.0000	2	1
20	1	0.8720	20.0000	14	1
21	1	1.1905	21.0000	14	1
124	1	4.2625	124.0000	1	1
19	1	0.9812	19.0000	14	1
19	1	0.9252	19.0000	7	1
31	1	1.0372	31.0000	6	1
26	1	1.0123	26.0000	14	1
26	1	1.1801	26.0000	6	1
22	1	0.9249	22.0000	14	1
16	1	0.8185	16.0000	15	1
14	1	0.9598	14.0000	14	1
26	1	0.8903	26.0000	9	1
24	1	1.1987	24.0000	4	1
29	1	1.1283	29.0000	14	1
43	1	1.6452	43.0000	12	1
29	1	0.9640	29.0000	7	1
32	1	0.8943	32.0000	9	1
32	1	1.5656	32.0000	14	1
23	1	1.0409	23.0000	14	1
24	1	0.9068	24.0000	3	1
22	1	0.8994	22.0000	8	1
26	1	1.1503	26.0000	4	1
21	1	1.0920	21.0000	13	1
22	1	1.0006	22.0000	14	1
23	1	0.9556	23.0000	16	1
27	1	1.0242	27.0000	4	1
15	1	0.9295	15.0000	13	1
18	3	0.8469	6.0000	15	1
28	1	0.9406	28.0000	14	1
28	1	0.9854	28.0000	5	1
16	1	0.8345	16.0000	14	1
29	1	1.1774	29.0000	14	1
24	1	1.1022	24.0000	9	1
24	1	0.9900	24.0000	5	1
25	1	0.9812	25.0000	5	1
26	1	1.0613	26.0000	15	1
18	1	0.8247	18.0000	5	1
25	1	1.1441	25.0000	14	1
31	1	0.8949	31.0000	14	1
25	1	1.0238	25.0000	14	1
28	1	0.8419	28.0000	4	1
14	2	1.1222	7.0000	3	1
25	1	0.9535	25.0000	6	1
27	1	1.0173	27.0000	4	1
20	1	1.0102	20.0000	15	1
156	4	5.6961	39.0000	10	1
27	1	0.6758	27.0000	6	1
21	1	0.9803	21.0000	14	1
26	1	0.9405	26.0000	15	1
25	1	0.9646	25.0000	5	1
16	1	1.1468	16.0000	14	1
16	1	0.9498	16.0000	14	1
19	1	1.1208	19.0000	12	1
23	1	1.0260	23.0000	14	1
16	1	1.0747	16.0000	6	1
19	1	0.8604	19.0000	18	1
26	1	1.1903	26.0000	14	1
13	1	0.8731	13.0000	4	1
26	1	0.5816	26.0000	8	1
27	1	1.1001	27.0000	14	1
25	1	1.0284	25.0000	5	1
25	1	1.2535	25.0000	14	1
21	1	0.9726	21.0000	6	1
21	1	0.9941	21.0000	14	1
25	1	0.9712	25.0000	8	1
19	2	1.1904	9.5000	3	1
14	1	1.0990	14.0000	6	1
23	1	1.0244	23.0000	4	1
11	1	0.9775	11.0000	14	1
22	1	0.9431	22.0000	14	1
28	1	0.9347	28.0000	4	1
19	1	1.1708	19.0000	6	1
29	1	1.0124	29.0000	3	1
19	1	0.9532	19.0000	7	1
34	1	1.0102	34.0000	15	1
30	1	0.9941	30.0000	6	1
21	1	0.8573	21.0000	4	1
14	1	1.2179	14.0000	3	1
27	1	0.6778	27.0000	15	1
32	1	0.9654	32.0000	3	1
23	1	0.9565	23.0000	4	1
26	1	1.0771	26.0000	14	1
18	1	1.0330	18.0000	12	1
32	1	0.9790	32.0000	16	1
24	1	0.8588	24.0000	5	1
20	1	0.9603	20.0000	10	1
30	1	0.9168	30.0000	14	1
17	1	0.9720	17.0000	7	1
31	1	1.1764	31.0000	4	1
28	1	1.0196	28.0000	14	1
21	1	0.9533	21.0000	13	1
21	1	1.0320	21.0000	4	1
22	1	1.1348	22.0000	14	1
19	1	1.0352	19.0000	14	1
12	1	1.1449	12.0000	6	1
22	1	1.0143	22.0000	4	1
25	1	0.8915	25.0000	5	1
28	1	0.9613	28.0000	16	1
18	1	0.8700	18.0000	14	1
20	1	0.9975	20.0000	4	1
18	1	0.9034	18.0000	4	1
23	1	1.2708	23.0000	4	1
24	1	1.0116	24.0000	10	1
33	2	1.2236	16.5000	16	1
18	1	0.9504	18.0000	15	1
18	1	0.8578	18.0000	15	1
24	1	0.7610	24.0000	5	1
21	1	1.1023	21.0000	5	1
29	1	0.9645	29.0000	4	1
18	1	1.0222	18.0000	4	1
27	1	1.2358	27.0000	11	1
27	1	1.0990	27.0000	4	1
20	1	2.1345	20.0000	2	1
23	1	0.8304	23.0000	5	1
26	1	0.7519	26.0000	14	1
30	1	1.0409	30.0000	4	1
28	1	1.1256	28.0000	14	1
25	1	1.0298	25.0000	14	1
28	1	0.9453	28.0000	4	1
28	1	0.9670	28.0000	4	1
18	1	1.1027	18.0000	11	1
16	1	1.0365	16.0000	15	1
20	1	0.8828	20.0000	14	1
19	1	1.0889	19.0000	12	1
10	1	1.0286	10.0000	5	1
21	2	1.0209	10.5000	14	1
26	1	1.0228	26.0000	6	1
28	1	0.9832	28.0000	14	1
23	1	1.0760	23.0000	14	1
19	1	0.9751	19.0000	14	1
23	1	1.1958	23.0000	4	1
23	1	1.0939	23.0000	8	1
28	1	1.0255	28.0000	12	1
18	1	1.1713	18.0000	5	1
11	1	0.8839	11.0000	14	1
28	1	0.8890	28.0000	5	1
20	2	1.0507	10.0000	4	1
24	1	0.9137	24.0000	5	1
31	1	0.8743	31.0000	14	1
25	1	0.6378	25.0000	16	1
15	1	1.0914	15.0000	15	1
20	1	1.0156	20.0000	4	1
17	1	0.9754	17.0000	10	1
22	1	0.8728	22.0000	5	1
23	1	1.0102	23.0000	11	1
16	1	1.0683	16.0000	14	1
32	1	0.8510	32.0000	14	1
18	1	0.8847	18.0000	16	1
20	1	0.8618	20.0000	14	1
21	2	1.1701	10.5000	18	1
29	1	0.8627	29.0000	14	1
23	1	1.1303	23.0000	6	1
21	1	0.9015	21.0000	14	1
24	1	1.0138	24.0000	13	1
37	1	1.1202	37.0000	14	1
25	1	0.8729	25.0000	4	1
16	1	1.0794	16.0000	4	1
19	1	1.0859	19.0000	3	1
30	1	1.0036	30.0000	14	1
25	1	0.9725	25.0000	16	1
26	1	1.0540	26.0000	4	1
22	1	0.9082	22.0000	6	1
25	1	1.0185	25.0000	5	1
19	1	0.8576	19.0000	14	1
26	1	1.0971	26.0000	5	1
15	1	1.1683	15.0000	17	1
19	1	1.0162	19.0000	13	1
27	1	1.2768	27.0000	14	1
27	1	1.0242	27.0000	3	1
21	1	1.0151	21.0000	3	1
23	1	1.0113	23.0000	5	1
25	1	0.9705	25.0000	6	1
83	1	3.1135	83.0000	2	1
25	1	0.8414	25.0000	13	1
23	1	0.9279	23.0000	15	1
20	1	0.9496	20.0000	16	1
20	1	0.9001	20.0000	15	1
25	1	1.0710	25.0000	14	1
26	1	0.9350	26.0000	13	1
20	2	1.0455	10.0000	4	1
25	1	1.0749	25.0000	6	1
21	1	0.9955	21.0000	9	1
21	1	1.0109	21.0000	5	1
33	1	0.9818	33.0000	14	1
27	1	1.1205	27.0000	9	1
18	1	0.9146	18.0000	6	1
20	1	0.8998	20.0000	5	1
18	1	0.8955	18.0000	4	1
26	1	1.0589	26.0000	5	1
26	1	1.0688	26.0000	14	1
24	1	0.8871	24.0000	7	1
20	1	1.0509	20.0000	4	1
17	1	1.1141	17.0000	4	1
23	1	1.0598	23.0000	14	1
21	1	1.0519	21.0000	14	1
28	1	1.0399	28.0000	18	1
15	1	1.0852	15.0000	14	1
30	1	0.9800	30.0000	4	1
22	1	0.8018	22.0000	14	1
23	2	1.1205	11.5000	4	1
20	1	1.0782	20.0000	9	1
21	1	1.1775	21.0000	14	1
22	1	1.1385	22.0000	7	1
23	1	0.9732	23.0000	14	1
25	1	0.9680	25.0000	5	1
21	1	1.1044	21.0000	14	1
33	1	0.9879	33.0000	14	1
19	1	0.9315	19.0000	14	1
18	1	0.8287	18.0000	14	1
23	1	1.2462	23.0000	15	1
19	1	1.1691	19.0000	10	1
18	1	0.8159	18.0000	14	1
32	1	1.0627	32.0000	7	1
14	1	0.8456	14.0000	4	1
19	1	0.9986	19.0000	4	1
28	1	0.9569	28.0000	14	1
28	1	1.0149	28.0000	4	1
30	1	0.8394	30.0000	6	1
21	1	1.1117	21.0000	15	1
19	2	1.0651	9.5000	4	1
18	1	1.0685	18.0000	16	1
26	1	1.1661	26.0000	5	1
23	1	1.0485	23.0000	6	1
21	1	0.9759	21.0000	14	1
24	1	1.1578	24.0000	4	1
31	1	0.9386	31.0000	7	1
27	1	1.0154	27.0000	15	1
14	1	0.9558	14.0000	5	1
26	1	0.9916	26.0000	16	1
23	1	0.9798	23.0000	14	1
25	1	0.9488	25.0000	15	1
26	1	0.9669	26.0000	9	1
22	1	1.0698	22.0000	15	1
21	1	0.9482	21.0000	14	1
28	1	0.8507	28.0000	6	1
29	1	0.9786	29.0000	4	1
15	1	0.8849	15.0000	5	1
7	1	0.5353	7.0000	39	1
24	1	1.1508	24.0000	14	1
18	1	1.0790	18.0000	6	1
19	1	0.8932	19.0000	14	1
22	1	1.0481	22.0000	14	1
21	1	0.9667	21.0000	4	1
22	1	0.8798	22.0000	16	1
26	1	1.0038	26.0000	14	1
23	1	0.7930	23.0000	14	1
27	1	1.1915	27.0000	6	1
32	1	0.9625	32.0000	15	1
23	1	1.2009	23.0000	4	1
26	1	0.8591	26.0000	5	1
14	1	1.1213	14.0000	14	1
22	1	0.9593	22.0000	4	1
22	1	1.0350	22.0000	3	1
17	1	0.9899	17.0000	14	1
134	1	3.2386	134.0000	0	1
14	1	1.0053	14.0000	19	1
26	1	1.0927	26.0000	14	1
19	1	0.9653	19.0000	5	1
26	1	0.9374	26.0000	14	1
23	1	1.0287	23.0000	20	1
18	1	0.9370	18.0000	4	1
135	1	5.2384	135.0000	12	1
22	1	1.1379	22.0000	14	1
29	1	0.8393	29.0000	14	1
19	1	0.9356	19.0000	5	1
20	1	0.8884	20.0000	4	1
27	1	1.0360	27.0000	5	1
27	1	0.9744	27.0000	13	1
15	1	0.8697	15.0000	6	1
28	1	1.1801	28.0000	14	1
20	1	0.9188	20.0000	5	1
28	1	0.8596	28.0000	14	1
24	1	1.0705	24.0000	15	1
28	1	1.1406	28.0000	3	1
27	1	1.2968	27.0000	4	1
19	1	0.8200	19.0000	14	1
20	1	1.0090	20.0000	3	1
21	1	0.8869	21.0000	8	1
33	1	0.9493	33.0000	6	1
20	1	0.8404	20.0000	5	1
18	1	0.9497	18.0000	14	1
29	1	0.8697	29.0000	14	1
21	1	0.9726	21.0000	15	1
30	1	0.9227	30.0000	16	1
21	1	1.0647	21.0000	14	1
21	1	0.7504	21.0000	14	1
23	1	1.0139	23.0000	6	1
21	1	0.8865	21.0000	5	1
21	2	1.1238	10.5000	15	1
23	1	0.9585	23.0000	4	1
26	1	0.9801	26.0000	6	1
17	1	1.1426	17.0000	4	1
35	1	1.0777	35.0000	17	1
21	1	1.1605	21.0000	5	1
27	1	0.9993	27.0000	5	1
22	1	0.8599	22.0000	14	1
25	1	1.0854	25.0000	4	1
18	1	0.9714	18.0000	17	1
22	1	0.7932	22.0000	14	1
23	1	1.0418	23.0000	14	1
35	1	1.0295	35.0000	14	1
17	1	1.0917	17.0000	3	1
22	1	0.9634	22.0000	10	1
29	1	1.2003	29.0000	14	1
21	1	0.9691	21.0000	14	1
15	1	1.1834	15.0000	4	1
19	1	1.1170	19.0000	4	1
21	1	1.0092	21.0000	11	1
23	1	1.0268	23.0000	5	1
29	1	0.8923	29.0000	7	1
23	1	1.0311	23.0000	5	1
26	1	0.9156	26.0000	6	1
33	1	1.0747	33.0000	6	1
14	1	1.0305	14.0000	4	1
28	1	0.8976	28.0000	14	1
23	1	0.8007	23.0000	17	1
22	1	0.9268	22.0000	3	1
20	1	1.0053	20.0000	5	1
22	1	0.9233	22.0000	19	1
30	1	0.9867	30.0000	14	1
58	23	6.0999	2.5217	0	0
55	21	5.3662	2.6190	8	0
85	46	2.7735	1.8478	0	0
28	16	1.2336	1.7500	14	0
48	16	2.9276	3.0000	9	0
26	15	2.5467	1.7333	10	0
28	11	3.1932	2.5455	14	0
26	16	1.4918	1.6250	14	0
24	15	2.2298	1.6000	15	0
12	6	0.7267	2.0000	66	0
26	17	1.9085	1.5294	2	0
24	16	2.0033	1.5000	2	0
9	5	2.7742	1.8000	5	0
42	23	1.2799	1.8261	14	0
2	1	1.2845	2.0000	14	0
30	25	1.7492	1.2000	2	0
80	69	5.6799	1.1594	0	0
82	82	5.7074	1.0000	11	0
21	18	2.6906	1.1667	0	0
32	27	2.7735	1.1852	0	0
19	15	0.9464	1.2667	14	0
52	45	6.9726	1.1556	0	0
23	20	1.7965	1.1500	4	0
21	17	0.9364	1.2353	5	0
26	22	3.0026	1.1818	1	0
7	6	1.3368	1.1667	23	0
13	11	0.8656	1.1818	3	0
25	23	2.8322	1.0870	11	0
21	17	2.7098	1.2353	14	0
28	24	2.9048	1.1667	1	0
15	12	1.3541	1.2500	14	0
22	22	0.8064	1.0000	14	0
23	20	0.8729	1.1500	8	0
20	15	1.1438	1.3333	5	0
28	20	0.8934	1.4000	14	0
28	27	1.0241	1.0370	13	0
1	1	0.8107	1.0000	51	0
17	16	1.7441	1.0625	4	0
10	7	2.2483	1.4286	16	0
1	1	1.0436	1.0000	19	0
27	23	1.7938	1.1739	4	0
23	22	1.7659	1.0455	4	0
25	20	2.0583	1.2500	2	0
1	1	0.9305	1.0000	16	0
25	24	0.9662	1.0417	3	0
3	3	0.5294	1.0000	26	0
7	6	3.2136	1.1667	4	0
24	21	0.9452	1.1429	5	0
1	1	0.1063	1.0000	11	0
66	48	1.2863	1.3750	14	0
81	63	0.8885	1.2857	8	0
39	31	0.5318	1.2581	13	0
19	18	1.5466	1.0556	12	0
14	12	1.2246	1.1667	14	0
18	14	1.2298	1.2857	14	0
2	2	1.2364	1.0000	28	0
